0.000000000000000000e+00 0.000000000000000000e+00 0.000000000000000000e+00 0.000000000000000000e+00 2.950000000000000568e+02
3.967791032617647984e-01 9.395752672087731124e-10 6.503624848136925801e-13 9.402256296935868049e-10 2.950000000080214591e+02
7.935582065235295968e-01 1.879150666766444233e-09 1.301519063015436067e-12 1.880452185829459669e-09 2.950000000160429181e+02
1.190337309785294284e+00 2.818725933975217139e-09 1.952410943421162685e-12 2.820678344918638301e-09 2.950000000240643772e+02
1.587116413047059194e+00 3.758301201183990458e-09 2.602641079336846680e-12 3.760903842263327305e-09 2.950000000320860067e+02
1.983895516308824103e+00 4.697875938997171330e-09 3.254459402028632488e-12 4.701130398399199962e-09 2.950000000401074658e+02
2.380674619570588568e+00 5.637451338554842244e-09 3.904557189046308402e-12 5.641355895743888552e-09 2.950000000481288112e+02
2.777453722832353922e+00 6.577027135159207184e-09 4.554522627165975428e-12 6.581581657786373158e-09 2.950000000561504407e+02
3.174232826094118387e+00 7.516601872972388883e-09 5.206076252061744267e-12 7.521807949224450626e-09 2.950000000641718430e+02
3.571011929355883296e+00 8.456177404878957805e-09 5.856968132467470684e-12 8.462034373011425275e-09 2.950000000721933588e+02
3.967791032617648206e+00 9.395752407389934694e-09 6.507727663975188616e-12 9.402260135053909882e-09 2.950000000802147611e+02
4.364570135879413115e+00 1.033532740990091158e-08 7.159016591074941294e-12 1.034248642649198652e-08 2.950000000882362201e+02
4.761349239141177137e+00 1.127490241241188847e-08 7.810570215970710133e-12 1.128271298262785918e-08 2.950000000962579065e+02
5.158128342402941158e+00 1.221447834136515142e-08 8.460138607396351705e-12 1.222293847997254777e-08 2.950000001042791382e+02
5.554907445664707843e+00 1.315405347622502632e-08 9.111692232292120544e-12 1.316316516845731844e-08 2.950000001123007678e+02
5.951686548926471865e+00 1.409362874343380088e-08 9.762054717105813023e-12 1.410339079815090669e-08 2.950000001203222268e+02
6.348465652188236774e+00 1.503320401064257378e-08 1.041215250412348853e-11 1.504361616314669727e-08 2.950000001283435154e+02
6.745244755450001684e+00 1.597277874845575465e-08 1.106423552461129131e-11 1.598384298398036594e-08 2.950000001363653723e+02
7.142023858711766593e+00 1.691235401566452756e-08 1.171539210281303470e-11 1.692406940776734059e-08 2.950000001443866608e+02
7.538802961973531502e+00 1.785192928287330047e-08 1.236562223872871869e-11 1.786429490511202918e-08 2.950000001524078357e+02
7.935582065235296412e+00 1.879150468243097138e-08 1.301664646803245359e-11 1.880452132889900383e-08 2.950000001604297495e+02
8.332361168497060433e+00 1.973107942024415225e-08 1.366820009292822405e-11 1.974474762033708047e-08 2.950000001684510380e+02
8.729140271758826231e+00 2.067065508449961918e-08 1.431829787994589956e-11 2.068497338237956508e-08 2.950000001764726676e+02
9.125919375020590252e+00 2.161023008701059607e-08 1.496958680704565143e-11 2.162519967381764172e-08 2.950000001844940698e+02
9.522698478282354273e+00 2.254980575126606300e-08 1.561968459406332694e-11 2.256542543586012633e-08 2.950000001925150741e+02
9.919477581544120071e+00 2.348938101847483591e-08 1.627070882336706184e-11 2.350565172729820297e-08 2.950000002005368174e+02
1.031625668480588232e+01 2.442895562393911877e-08 1.692173305267079674e-11 2.444587735699178956e-08 2.950000002085583333e+02
1.071303578806764989e+01 2.536853102349678968e-08 1.757275728197453164e-11 2.538610378077876421e-08 2.950000002165799629e+02
1.110981489132941569e+01 2.630810668775225662e-08 1.822272272009419867e-11 2.632632941047235081e-08 2.950000002246015356e+02
1.150659399459117971e+01 2.724768155791433550e-08 1.887414399609195902e-11 2.726655570191042745e-08 2.950000002326224831e+02
1.190337309785294373e+01 2.818725708982090773e-08 1.952556527208971938e-11 2.820678265509299744e-08 2.950000002406445105e+02
1.230015220111470775e+01 2.912683156293629258e-08 2.017619245469942882e-11 2.914700775539099201e-08 2.950000002486655717e+02
1.269693130437647355e+01 3.006640683014506549e-08 2.082774607959519766e-11 3.008723457622466068e-08 2.950000002566873718e+02
1.309371040763823757e+01 3.100598262674943043e-08 2.147704977322482227e-11 3.102745967652265525e-08 2.950000002647087740e+02
1.349048951090000337e+01 3.194555749691150931e-08 2.212913279371262504e-11 3.196768662970522193e-08 2.950000002727298352e+02
1.388726861416176916e+01 3.288513236707358819e-08 2.277962762742432601e-11 3.290791199470101251e-08 2.950000002807517490e+02
1.428404771742353319e+01 3.382470763428236109e-08 2.343104890342208636e-11 3.384813868318578318e-08 2.950000002887733785e+02
1.468082682068529721e+01 3.476428303384003201e-08 2.408127903933777036e-11 3.478836431287936977e-08 2.950000002967948944e+02
1.507760592394706300e+01 3.570385843339770292e-08 2.473230326864150526e-11 3.572859073666634442e-08 2.950000003048161261e+02
1.547438502720882703e+01 3.664343383295537384e-08 2.538332749794524016e-11 3.666881716045331907e-08 2.950000003128373578e+02
1.587116413047059282e+01 3.758300936486194276e-08 2.603355763386092415e-11 3.760904292249580368e-08 2.950000003208592716e+02
1.626794323373236040e+01 3.852258423502402164e-08 2.668471421206266754e-11 3.854926894923608430e-08 2.950000003288803327e+02
1.666472233699412087e+01 3.946215923753499853e-08 2.733547374357038870e-11 3.948949471127856891e-08 2.950000003369022465e+02
1.706150144025588489e+01 4.040173463709266944e-08 2.798649797287412360e-11 4.042972113506554356e-08 2.950000003449237624e+02
1.745828054351765246e+01 4.134130963960364633e-08 2.863699280658582457e-11 4.136994663241023215e-08 2.950000003529448804e+02
1.785505964677941648e+01 4.228088530385911326e-08 2.928801703588955947e-11 4.231017332089500281e-08 2.950000003609667374e+02
1.825183875004118050e+01 4.322045990932339612e-08 2.993904126519329437e-11 4.325039895058858941e-08 2.950000003689879691e+02
1.864861785330294452e+01 4.416003544122996505e-08 3.058980079670101230e-11 4.419062524202666605e-08 2.950000003770095418e+02
1.904539695656470855e+01 4.509961004669424791e-08 3.124188381718881508e-11 4.513085193051143672e-08 2.950000003850308872e+02
1.944217605982647257e+01 4.603918624034530688e-08 3.189092281302242271e-11 4.607107716315832929e-08 2.950000003930523462e+02
