0.000000000000000000e+00 2.967948944387899246e-07
1.964105842302019691e-17 2.967948944387899246e-07
3.928211684604039383e-17 2.967948944387899246e-07
5.892317526906058458e-17 2.967948944387899246e-07
7.856423369208078765e-17 2.967948944387899246e-07
9.820529211510099073e-17 2.967948944387899246e-07
1.178463505381211692e-16 2.967948944387899246e-07
1.374874089611413722e-16 2.967948944387899246e-07
1.571284673841615753e-16 2.967948944387899246e-07
1.767695258071817784e-16 2.967948944387899246e-07
1.964105842302019815e-16 2.967948944387899246e-07
2.160516426532221599e-16 2.967948944387899246e-07
2.356927010762423383e-16 2.967948944387899246e-07
2.553337594992625660e-16 2.967948944387899246e-07
2.749748179222827445e-16 2.967948944387899246e-07
2.946158763453029722e-16 2.967948944387899246e-07
3.142569347683231506e-16 2.967948944387899246e-07
3.338979931913433290e-16 2.967948944387899246e-07
3.535390516143635568e-16 2.967948944387899246e-07
3.731801100373837352e-16 2.967948944387899246e-07
3.928211684604039629e-16 2.967948944387899246e-07
4.124622268834241413e-16 2.967948944387899246e-07
4.321032853064443198e-16 2.967948944387899246e-07
4.517443437294644982e-16 2.967948944387899246e-07
4.713854021524846766e-16 2.967948944387899246e-07
4.910264605755049536e-16 2.967948944387899246e-07
5.106675189985251321e-16 2.967948944387899246e-07
5.303085774215453105e-16 2.967948944387899246e-07
5.499496358445654889e-16 2.967948944387899246e-07
5.695906942675856673e-16 2.967948944387899246e-07
5.892317526906059444e-16 2.967948944387899246e-07
6.088728111136261228e-16 2.967948944387899246e-07
6.285138695366463012e-16 2.967948944387899246e-07
6.481549279596664796e-16 2.967948944387899246e-07
6.677959863826866581e-16 2.967948944387899246e-07
6.874370448057069351e-16 2.967948944387899246e-07
7.070781032287271135e-16 2.967948944387899246e-07
7.267191616517472919e-16 2.967948944387899246e-07
7.463602200747674704e-16 2.967948944387899246e-07
7.660012784977876488e-16 2.967948944387899246e-07
7.856423369208079258e-16 2.967948944387899246e-07
8.052833953438281042e-16 2.967948944387899246e-07
8.249244537668482827e-16 2.967948944387899246e-07
8.445655121898684611e-16 2.967948944387899246e-07
8.642065706128886395e-16 2.967948944387899246e-07
8.838476290359088179e-16 2.967948944387899246e-07
9.034886874589289964e-16 2.967948944387899246e-07
9.231297458819491748e-16 2.967948944387899246e-07
9.427708043049693532e-16 2.967948944387899246e-07
9.624118627279897289e-16 2.967948944387899246e-07
9.820529211510099073e-16 2.967948944387899246e-07
1.001693979574030086e-15 2.967948944387899246e-07
1.021335037997050264e-15 2.967948944387899246e-07
1.040976096420070443e-15 2.967948944387899246e-07
1.060617154843090621e-15 2.967948944387899246e-07
1.080258213266110799e-15 2.967948944387899246e-07
1.099899271689130978e-15 2.967948944387899246e-07
1.119540330112151156e-15 2.967948944387899246e-07
1.139181388535171335e-15 2.967948944387899246e-07
1.158822446958191710e-15 2.967948944387899246e-07
1.178463505381211889e-15 2.967948944387899246e-07
1.198104563804232067e-15 2.967948944387899246e-07
1.217745622227252246e-15 2.967948944387899246e-07
1.237386680650272424e-15 2.967948944387899246e-07
1.257027739073292602e-15 2.967948944387899246e-07
1.276668797496312781e-15 2.967948944387899246e-07
1.296309855919332959e-15 2.967948944387899246e-07
1.315950914342353138e-15 2.967948944387899246e-07
1.335591972765373316e-15 2.967948944387899246e-07
1.355233031188393495e-15 2.967948944387899246e-07
1.374874089611413870e-15 2.967948944387899246e-07
1.394515148034434049e-15 2.967948944387899246e-07
1.414156206457454227e-15 2.967948944387899246e-07
1.433797264880474405e-15 2.967948944387899246e-07
1.453438323303494584e-15 2.967948944387899246e-07
1.473079381726514762e-15 2.967948944387899246e-07
1.492720440149534941e-15 2.967948944387899246e-07
1.512361498572555119e-15 2.967948944387899246e-07
1.532002556995575298e-15 2.967948944387899246e-07
1.551643615418595476e-15 2.967948944387899246e-07
1.571284673841615852e-15 2.967948944387899246e-07
1.590925732264636030e-15 2.967948944387899246e-07
1.610566790687656208e-15 2.967948944387899246e-07
1.630207849110676387e-15 2.967948944387899246e-07
1.649848907533696565e-15 2.967948944387899246e-07
1.669489965956716744e-15 2.967948944387899246e-07
1.689131024379736922e-15 2.967948944387899246e-07
1.708772082802757101e-15 2.967948944387899246e-07
1.728413141225777279e-15 2.967948944387899246e-07
1.748054199648797457e-15 2.967948944387899246e-07
1.767695258071817636e-15 2.967948944387899246e-07
1.787336316494838012e-15 2.967948944387899246e-07
1.806977374917857993e-15 2.967948944387899246e-07
1.826618433340878368e-15 2.967948944387899246e-07
1.846259491763898350e-15 2.967948944387899246e-07
1.865900550186918725e-15 2.967948944387899246e-07
1.885541608609938706e-15 2.967948944387899246e-07
1.905182667032959082e-15 2.967948944387899246e-07
1.924823725455979458e-15 2.967948944387899246e-07
1.944464783878999439e-15 2.967948944387899246e-07
1.964105842302019815e-15 2.967948944387899246e-07
1.983746900725039796e-15 2.967948944387899246e-07
2.003387959148060171e-15 2.967948944387899246e-07
2.023029017571080153e-15 2.967948944387899246e-07
2.042670075994100528e-15 2.967948944387899246e-07
2.062311134417120509e-15 2.967948944387899246e-07
2.081952192840140885e-15 2.967948944387899246e-07
2.101593251263161261e-15 2.967948944387899246e-07
2.121234309686181242e-15 2.967948944387899246e-07
2.140875368109201618e-15 2.967948944387899246e-07
2.160516426532221599e-15 2.967948944387899246e-07
2.180157484955241974e-15 2.967948944387899246e-07
2.199798543378261956e-15 2.967948944387899246e-07
2.219439601801282331e-15 2.967948944387899246e-07
2.239080660224302312e-15 2.967948944387899246e-07
2.258721718647322688e-15 2.967948944387899246e-07
2.278362777070342669e-15 2.967948944387899246e-07
2.298003835493363045e-15 2.967948944387899246e-07
2.317644893916383421e-15 2.967948944387899246e-07
2.337285952339403402e-15 2.967948944387899246e-07
2.356927010762423777e-15 2.967948944387899246e-07
2.376568069185443759e-15 2.967948944387899246e-07
2.396209127608464134e-15 2.967948944387899246e-07
2.415850186031484116e-15 2.967948944387899246e-07
2.435491244454504491e-15 2.967948944387899246e-07
2.455132302877524472e-15 2.967948944387899246e-07
2.474773361300544848e-15 2.967948944387899246e-07
2.494414419723564829e-15 2.967948944387899246e-07
2.514055478146585205e-15 2.967948944387899246e-07
2.533696536569605581e-15 2.967948944387899246e-07
2.553337594992625562e-15 2.967948944387899246e-07
2.572978653415645937e-15 2.967948944387899246e-07
2.592619711838665919e-15 2.967948944387899246e-07
2.612260770261686294e-15 2.967948944387899246e-07
2.631901828684706275e-15 2.967948944387899246e-07
2.651542887107726651e-15 2.967948944387899246e-07
2.671183945530746632e-15 2.967948944387899246e-07
2.690825003953767008e-15 2.967948944387899246e-07
2.710466062376786989e-15 2.967948944387899246e-07
2.730107120799807365e-15 2.967948944387899246e-07
2.749748179222827740e-15 2.967948944387899246e-07
2.769389237645847722e-15 2.967948944387899246e-07
2.789030296068868097e-15 2.967948944387899246e-07
2.808671354491888078e-15 2.967948944387899246e-07
2.828312412914908454e-15 2.967948944387899246e-07
2.847953471337928435e-15 2.967948944387899246e-07
2.867594529760948811e-15 2.967948944387899246e-07
2.887235588183968792e-15 2.967948944387899246e-07
2.906876646606989168e-15 2.967948944387899246e-07
2.926517705030009149e-15 2.967948944387899246e-07
2.946158763453029525e-15 2.967948944387899246e-07
2.965799821876049900e-15 2.967948944387899246e-07
2.985440880299069881e-15 2.967948944387899246e-07
3.005081938722090257e-15 2.967948944387899246e-07
3.024722997145110238e-15 2.967948944387899246e-07
3.044364055568130614e-15 2.967948944387899246e-07
3.064005113991150595e-15 2.967948944387899246e-07
3.083646172414170971e-15 2.967948944387899246e-07
3.103287230837190952e-15 2.967948944387899246e-07
3.122928289260211328e-15 2.967948944387899246e-07
3.142569347683231703e-15 2.967948944387899246e-07
3.162210406106251685e-15 2.967948944387899246e-07
3.181851464529272060e-15 2.967948944387899246e-07
3.201492522952292041e-15 2.967948944387899246e-07
3.221133581375312417e-15 2.967948944387899246e-07
3.240774639798332398e-15 2.967948944387899246e-07
3.260415698221352774e-15 2.967948944387899246e-07
3.280056756644372755e-15 2.967948944387899246e-07
3.299697815067393131e-15 2.967948944387899246e-07
3.319338873490413112e-15 2.967948944387899246e-07
3.338979931913433488e-15 2.967948944387899246e-07
3.358620990336453863e-15 2.967948944387899246e-07
3.378262048759473844e-15 2.967948944387899246e-07
3.397903107182494220e-15 2.967948944387899246e-07
3.417544165605514201e-15 2.967948944387899246e-07
3.437185224028534577e-15 2.967948944387899246e-07
3.456826282451554558e-15 2.967948944387899246e-07
3.476467340874574934e-15 2.967948944387899246e-07
3.496108399297594915e-15 2.967948944387899246e-07
3.515749457720615291e-15 2.967948944387899246e-07
3.535390516143635272e-15 2.967948944387899246e-07
3.555031574566655253e-15 2.967948944387899246e-07
3.574672632989676023e-15 2.967948944387899246e-07
3.594313691412696004e-15 2.967948944387899246e-07
3.613954749835715985e-15 2.967948944387899246e-07
3.633595808258736756e-15 2.967948944387899246e-07
3.653236866681756737e-15 2.967948944387899246e-07
3.672877925104776718e-15 2.967948944387899246e-07
3.692518983527796699e-15 2.967948944387899246e-07
3.712160041950817469e-15 2.967948944387899246e-07
3.731801100373837450e-15 2.967948944387899246e-07
3.751442158796857432e-15 2.967948944387899246e-07
3.771083217219877413e-15 2.967948944387899246e-07
3.790724275642898183e-15 2.967948944387899246e-07
3.810365334065918164e-15 2.967948944387899246e-07
3.830006392488938145e-15 2.967948944387899246e-07
3.849647450911958915e-15 2.967948944387899246e-07
3.869288509334978897e-15 2.967948944387899246e-07
3.888929567757998878e-15 2.967948944387899246e-07
3.908570626181018859e-15 2.967948944387899246e-07
3.928211684604039629e-15 2.967948944387899246e-07
3.947852743027059610e-15 2.967948944387899246e-07
3.967493801450079592e-15 2.967948944387899246e-07
3.987134859873100362e-15 2.967948944387899246e-07
4.006775918296120343e-15 2.967948944387899246e-07
4.026416976719140324e-15 2.967948944387899246e-07
4.046058035142160305e-15 2.967948944387899246e-07
4.065699093565181075e-15 2.967948944387899246e-07
4.085340151988201057e-15 2.967948944387899246e-07
4.104981210411221038e-15 2.967948944387899246e-07
4.124622268834241019e-15 2.967948944387899246e-07
4.144263327257261789e-15 2.967948944387899246e-07
4.163904385680281770e-15 2.967948944387899246e-07
4.183545444103301751e-15 2.967948944387899246e-07
4.203186502526322521e-15 2.967948944387899246e-07
4.222827560949342503e-15 2.967948944387899246e-07
4.242468619372362484e-15 2.967948944387899246e-07
4.262109677795382465e-15 2.967948944387899246e-07
4.281750736218403235e-15 2.967948944387899246e-07
4.301391794641423216e-15 2.967948944387899246e-07
4.321032853064443198e-15 2.967948944387899246e-07
4.340673911487463179e-15 2.967948944387899246e-07
4.360314969910483949e-15 2.967948944387899246e-07
4.379956028333503930e-15 2.967948944387899246e-07
4.399597086756523911e-15 2.967948944387899246e-07
4.419238145179544681e-15 2.967948944387899246e-07
4.438879203602564663e-15 2.967948944387899246e-07
4.458520262025584644e-15 2.967948944387899246e-07
4.478161320448604625e-15 2.967948944387899246e-07
4.497802378871625395e-15 2.967948944387899246e-07
4.517443437294645376e-15 2.967948944387899246e-07
4.537084495717665357e-15 2.967948944387899246e-07
4.556725554140685339e-15 2.967948944387899246e-07
4.576366612563706109e-15 2.967948944387899246e-07
4.596007670986726090e-15 2.967948944387899246e-07
4.615648729409746071e-15 2.967948944387899246e-07
4.635289787832766841e-15 2.967948944387899246e-07
4.654930846255786822e-15 2.967948944387899246e-07
4.674571904678806804e-15 2.967948944387899246e-07
4.694212963101826785e-15 2.967948944387899246e-07
4.713854021524847555e-15 2.967948944387899246e-07
4.733495079947867536e-15 2.967948944387899246e-07
4.753136138370887517e-15 2.967948944387899246e-07
4.772777196793907499e-15 2.967948944387899246e-07
4.792418255216928269e-15 2.967948944387899246e-07
4.812059313639948250e-15 2.967948944387899246e-07
4.831700372062968231e-15 2.967948944387899246e-07
4.851341430485989001e-15 2.967948944387899246e-07
4.870982488909008982e-15 2.967948944387899246e-07
4.890623547332028964e-15 2.967948944387899246e-07
4.910264605755048945e-15 2.967948944387899246e-07
4.929905664178069715e-15 2.967948944387899246e-07
4.949546722601089696e-15 2.967948944387899246e-07
4.969187781024109677e-15 2.967948944387899246e-07
4.988828839447129658e-15 2.967948944387899246e-07
5.008469897870150429e-15 2.967948944387899246e-07
5.028110956293170410e-15 2.967948944387899246e-07
5.047752014716190391e-15 2.967948944387899246e-07
5.067393073139211161e-15 2.967948944387899246e-07
5.087034131562231142e-15 2.967948944387899246e-07
5.106675189985251123e-15 2.967948944387899246e-07
5.126316248408271105e-15 2.967948944387899246e-07
5.145957306831291875e-15 2.967948944387899246e-07
5.165598365254311856e-15 2.967948944387899246e-07
5.185239423677331837e-15 2.967948944387899246e-07
5.204880482100351818e-15 2.967948944387899246e-07
5.224521540523372588e-15 2.967948944387899246e-07
5.244162598946392570e-15 2.967948944387899246e-07
5.263803657369412551e-15 2.967948944387899246e-07
5.283444715792433321e-15 2.967948944387899246e-07
5.303085774215453302e-15 2.967948944387899246e-07
5.322726832638473283e-15 2.967948944387899246e-07
5.342367891061493265e-15 2.967948944387899246e-07
5.362008949484514035e-15 2.967948944387899246e-07
5.381650007907534016e-15 2.967948944387899246e-07
5.401291066330553997e-15 2.967948944387899246e-07
5.420932124753573978e-15 2.967948944387899246e-07
5.440573183176594748e-15 2.967948944387899246e-07
5.460214241599614729e-15 2.967948944387899246e-07
5.479855300022634711e-15 2.967948944387899246e-07
5.499496358445655481e-15 2.967948944387899246e-07
5.519137416868675462e-15 2.967948944387899246e-07
5.538778475291695443e-15 2.967948944387899246e-07
5.558419533714715424e-15 2.967948944387899246e-07
5.578060592137736194e-15 2.967948944387899246e-07
5.597701650560756176e-15 2.967948944387899246e-07
5.617342708983776157e-15 2.967948944387899246e-07
5.636983767406796138e-15 2.967948944387899246e-07
5.656624825829816908e-15 2.967948944387899246e-07
5.676265884252836889e-15 2.967948944387899246e-07
5.695906942675856871e-15 2.967948944387899246e-07
5.715548001098877641e-15 2.967948944387899246e-07
5.735189059521897622e-15 2.967948944387899246e-07
5.754830117944917603e-15 2.967948944387899246e-07
5.774471176367937584e-15 2.967948944387899246e-07
5.794112234790958354e-15 2.967948944387899246e-07
5.813753293213978336e-15 2.967948944387899246e-07
5.833394351636998317e-15 2.967948944387899246e-07
5.853035410060018298e-15 2.967948944387899246e-07
5.872676468483039068e-15 2.967948944387899246e-07
5.892317526906059049e-15 2.967948944387899246e-07
5.911958585329079030e-15 2.967948944387899246e-07
5.931599643752099801e-15 2.967948944387899246e-07
5.951240702175119782e-15 2.967948944387899246e-07
5.970881760598139763e-15 2.967948944387899246e-07
5.990522819021159744e-15 2.967948944387899246e-07
6.010163877444180514e-15 2.967948944387899246e-07
6.029804935867200495e-15 2.967948944387899246e-07
6.049445994290220477e-15 2.967948944387899246e-07
6.069087052713240458e-15 2.967948944387899246e-07
6.088728111136261228e-15 2.967948944387899246e-07
6.108369169559281209e-15 2.967948944387899246e-07
6.128010227982301190e-15 2.967948944387899246e-07
6.147651286405321960e-15 2.967948944387899246e-07
6.167292344828341942e-15 2.967948944387899246e-07
6.186933403251361923e-15 2.967948944387899246e-07
6.206574461674381904e-15 2.967948944387899246e-07
6.226215520097402674e-15 2.967948944387899246e-07
6.245856578520422655e-15 2.967948944387899246e-07
6.265497636943442637e-15 2.967948944387899246e-07
6.285138695366463407e-15 2.967948944387899246e-07
6.304779753789483388e-15 2.967948944387899246e-07
6.324420812212503369e-15 2.967948944387899246e-07
6.344061870635523350e-15 2.967948944387899246e-07
6.363702929058544120e-15 2.967948944387899246e-07
6.383343987481564101e-15 2.967948944387899246e-07
6.402985045904584083e-15 2.967948944387899246e-07
6.422626104327604064e-15 2.967948944387899246e-07
6.442267162750624834e-15 2.967948944387899246e-07
6.461908221173644815e-15 2.967948944387899246e-07
6.481549279596664796e-15 2.967948944387899246e-07
6.501190338019685566e-15 2.967948944387899246e-07
6.520831396442705548e-15 2.967948944387899246e-07
6.540472454865725529e-15 2.967948944387899246e-07
6.560113513288745510e-15 2.967948944387899246e-07
6.579754571711766280e-15 2.967948944387899246e-07
6.599395630134786261e-15 2.967948944387899246e-07
6.619036688557806243e-15 2.967948944387899246e-07
6.638677746980826224e-15 2.967948944387899246e-07
6.658318805403846994e-15 2.967948944387899246e-07
6.677959863826866975e-15 2.967948944387899246e-07
6.697600922249886956e-15 2.967948944387899246e-07
6.717241980672907726e-15 2.967948944387899246e-07
6.736883039095927708e-15 2.967948944387899246e-07
6.756524097518947689e-15 2.967948944387899246e-07
6.776165155941967670e-15 2.967948944387899246e-07
6.795806214364988440e-15 2.967948944387899246e-07
6.815447272788008421e-15 2.967948944387899246e-07
6.835088331211028402e-15 2.967948944387899246e-07
6.854729389634048384e-15 2.967948944387899246e-07
6.874370448057069154e-15 2.967948944387899246e-07
6.894011506480089135e-15 2.967948944387899246e-07
6.913652564903109116e-15 2.967948944387899246e-07
6.933293623326129886e-15 2.967948944387899246e-07
6.952934681749149867e-15 2.967948944387899246e-07
6.972575740172169849e-15 2.967948944387899246e-07
6.992216798595189830e-15 2.967948944387899246e-07
7.011857857018210600e-15 2.967948944387899246e-07
7.031498915441230581e-15 2.967948944387899246e-07
7.051139973864250562e-15 2.967948944387899246e-07
7.070781032287270544e-15 2.967948944387899246e-07
7.090422090710291314e-15 2.967948944387899246e-07
7.110063149133310506e-15 2.967948944387899246e-07
7.129704207556331276e-15 2.967948944387899246e-07
7.149345265979352046e-15 2.967948944387899246e-07
7.168986324402371238e-15 2.967948944387899246e-07
7.188627382825392009e-15 2.967948944387899246e-07
7.208268441248412779e-15 2.967948944387899246e-07
7.227909499671431971e-15 2.967948944387899246e-07
7.247550558094452741e-15 2.967948944387899246e-07
7.267191616517473511e-15 2.967948944387899246e-07
7.286832674940492703e-15 2.967948944387899246e-07
7.306473733363513473e-15 2.967948944387899246e-07
7.326114791786532666e-15 2.967948944387899246e-07
7.345755850209553436e-15 2.967948944387899246e-07
7.365396908632574206e-15 2.967948944387899246e-07
7.385037967055593398e-15 2.967948944387899246e-07
7.404679025478614168e-15 2.967948944387899246e-07
7.424320083901634938e-15 2.967948944387899246e-07
7.443961142324654131e-15 2.967948944387899246e-07
7.463602200747674901e-15 2.967948944387899246e-07
7.483243259170695671e-15 2.967948944387899246e-07
7.502884317593714863e-15 2.967948944387899246e-07
7.522525376016735633e-15 2.967948944387899246e-07
7.542166434439754826e-15 2.967948944387899246e-07
7.561807492862775596e-15 2.967948944387899246e-07
7.581448551285796366e-15 2.967948944387899246e-07
7.601089609708815558e-15 2.967948944387899246e-07
7.620730668131836328e-15 2.967948944387899246e-07
7.640371726554857098e-15 2.967948944387899246e-07
7.660012784977876291e-15 2.967948944387899246e-07
7.679653843400897061e-15 2.967948944387899246e-07
7.699294901823917831e-15 2.967948944387899246e-07
7.718935960246937023e-15 2.967948944387899246e-07
7.738577018669957793e-15 2.967948944387899246e-07
7.758218077092978563e-15 2.967948944387899246e-07
7.777859135515997756e-15 2.967948944387899246e-07
7.797500193939018526e-15 2.967948944387899246e-07
7.817141252362037718e-15 2.967948944387899246e-07
7.836782310785058488e-15 2.967948944387899246e-07
7.856423369208079258e-15 2.967948944387899246e-07
7.876064427631098451e-15 2.967948944387899246e-07
7.895705486054119221e-15 2.967948944387899246e-07
7.915346544477139991e-15 2.967948944387899246e-07
7.934987602900159183e-15 2.967948944387899246e-07
7.954628661323179953e-15 2.967948944387899246e-07
7.974269719746200723e-15 2.967948944387899246e-07
7.993910778169219916e-15 2.967948944387899246e-07
8.013551836592240686e-15 2.967948944387899246e-07
8.033192895015259878e-15 2.967948944387899246e-07
8.052833953438280648e-15 2.967948944387899246e-07
8.072475011861301418e-15 2.967948944387899246e-07
8.092116070284320610e-15 2.967948944387899246e-07
8.111757128707341381e-15 2.967948944387899246e-07
8.131398187130362151e-15 2.967948944387899246e-07
8.151039245553381343e-15 2.967948944387899246e-07
8.170680303976402113e-15 2.967948944387899246e-07
8.190321362399422883e-15 2.967948944387899246e-07
8.209962420822442075e-15 2.967948944387899246e-07
8.229603479245462846e-15 2.967948944387899246e-07
8.249244537668482038e-15 2.967948944387899246e-07
8.268885596091502808e-15 2.967948944387899246e-07
8.288526654514523578e-15 2.967948944387899246e-07
8.308167712937542770e-15 2.967948944387899246e-07
8.327808771360563540e-15 2.967948944387899246e-07
8.347449829783584310e-15 2.967948944387899246e-07
8.367090888206603503e-15 2.967948944387899246e-07
8.386731946629624273e-15 2.967948944387899246e-07
8.406373005052645043e-15 2.967948944387899246e-07
8.426014063475664235e-15 2.967948944387899246e-07
8.445655121898685005e-15 2.967948944387899246e-07
8.465296180321704198e-15 2.967948944387899246e-07
8.484937238744724968e-15 2.967948944387899246e-07
8.504578297167745738e-15 2.967948944387899246e-07
8.524219355590764930e-15 2.967948944387899246e-07
8.543860414013785700e-15 2.967948944387899246e-07
8.563501472436806470e-15 2.967948944387899246e-07
8.583142530859825663e-15 2.967948944387899246e-07
8.602783589282846433e-15 2.967948944387899246e-07
8.622424647705867203e-15 2.967948944387899246e-07
8.642065706128886395e-15 2.967948944387899246e-07
8.661706764551907165e-15 2.967948944387899246e-07
8.681347822974926358e-15 2.967948944387899246e-07
8.700988881397947128e-15 2.967948944387899246e-07
8.720629939820967898e-15 2.967948944387899246e-07
8.740270998243987090e-15 2.967948944387899246e-07
8.759912056667007860e-15 2.967948944387899246e-07
8.779553115090028630e-15 2.967948944387899246e-07
8.799194173513047823e-15 2.967948944387899246e-07
8.818835231936068593e-15 2.967948944387899246e-07
8.838476290359089363e-15 2.967948944387899246e-07
8.858117348782108555e-15 2.967948944387899246e-07
8.877758407205129325e-15 2.967948944387899246e-07
8.897399465628148517e-15 2.967948944387899246e-07
8.917040524051169288e-15 2.967948944387899246e-07
8.936681582474190058e-15 2.967948944387899246e-07
8.956322640897209250e-15 2.967948944387899246e-07
8.975963699320230020e-15 2.967948944387899246e-07
8.995604757743250790e-15 2.967948944387899246e-07
9.015245816166269982e-15 2.967948944387899246e-07
9.034886874589290753e-15 2.967948944387899246e-07
9.054527933012311523e-15 2.967948944387899246e-07
9.074168991435330715e-15 2.967948944387899246e-07
9.093810049858351485e-15 2.967948944387899246e-07
9.113451108281370677e-15 2.967948944387899246e-07
9.133092166704391447e-15 2.967948944387899246e-07
9.152733225127412218e-15 2.967948944387899246e-07
9.172374283550431410e-15 2.967948944387899246e-07
9.192015341973452180e-15 2.967948944387899246e-07
9.211656400396472950e-15 2.967948944387899246e-07
9.231297458819492142e-15 2.967948944387899246e-07
9.250938517242512912e-15 2.967948944387899246e-07
9.270579575665533682e-15 2.967948944387899246e-07
9.290220634088552875e-15 2.967948944387899246e-07
9.309861692511573645e-15 2.967948944387899246e-07
9.329502750934592837e-15 2.967948944387899246e-07
9.349143809357613607e-15 2.967948944387899246e-07
9.368784867780634377e-15 2.967948944387899246e-07
9.388425926203653570e-15 2.967948944387899246e-07
9.408066984626674340e-15 2.967948944387899246e-07
9.427708043049695110e-15 2.967948944387899246e-07
9.447349101472714302e-15 2.967948944387899246e-07
9.466990159895735072e-15 2.967948944387899246e-07
9.486631218318755842e-15 2.967948944387899246e-07
9.506272276741775035e-15 2.967948944387899246e-07
9.525913335164795805e-15 2.967948944387899246e-07
9.545554393587814997e-15 2.967948944387899246e-07
9.565195452010835767e-15 2.967948944387899246e-07
9.584836510433856537e-15 2.967948944387899246e-07
9.604477568856875730e-15 2.967948944387899246e-07
9.624118627279896500e-15 2.967948944387899246e-07
9.643759685702917270e-15 2.967948944387899246e-07
9.663400744125936462e-15 2.967948944387899246e-07
9.683041802548957232e-15 2.967948944387899246e-07
9.702682860971978002e-15 2.967948944387899246e-07
9.722323919394997195e-15 2.967948944387899246e-07
9.741964977818017965e-15 2.967948944387899246e-07
9.761606036241037157e-15 2.967948944387899246e-07
9.781247094664057927e-15 2.967948944387899246e-07
9.800888153087078697e-15 2.967948944387899246e-07
9.820529211510097889e-15 2.967948944387899246e-07
9.840170269933118660e-15 2.967948944387899246e-07
9.859811328356139430e-15 2.967948944387899246e-07
9.879452386779158622e-15 2.967948944387899246e-07
9.899093445202179392e-15 2.967948944387899246e-07
9.918734503625200162e-15 2.967948944387899246e-07
9.938375562048219354e-15 2.967948944387899246e-07
9.958016620471240125e-15 2.967948944387899246e-07
9.977657678894259317e-15 2.967948944387899246e-07
9.997298737317280087e-15 2.967948944387899246e-07
1.001693979574030086e-14 2.967948944387899246e-07
1.003658085416332005e-14 2.967948944387899246e-07
1.005622191258634082e-14 2.967948944387899246e-07
1.007586297100936159e-14 2.967948944387899246e-07
1.009550402943238078e-14 2.967948944387899246e-07
1.011514508785540155e-14 2.967948944387899246e-07
1.013478614627842232e-14 2.967948944387899246e-07
1.015442720470144151e-14 2.967948944387899246e-07
1.017406826312446228e-14 2.967948944387899246e-07
1.019370932154748148e-14 2.967948944387899246e-07
1.021335037997050225e-14 2.967948944387899246e-07
1.023299143839352302e-14 2.967948944387899246e-07
1.025263249681654221e-14 2.967948944387899246e-07
1.027227355523956298e-14 2.967948944387899246e-07
1.029191461366258375e-14 2.967948944387899246e-07
1.031155567208560294e-14 2.967948944387899246e-07
1.033119673050862371e-14 2.967948944387899246e-07
1.035083778893164448e-14 2.967948944387899246e-07
1.037047884735466367e-14 2.967948944387899246e-07
1.039011990577768444e-14 2.967948944387899246e-07
1.040976096420070364e-14 2.967948944387899246e-07
1.042940202262372441e-14 2.967948944387899246e-07
1.044904308104674518e-14 2.967948944387899246e-07
1.046868413946976437e-14 2.967948944387899246e-07
1.048832519789278514e-14 2.967948944387899246e-07
1.050796625631580591e-14 2.967948944387899246e-07
1.052760731473882510e-14 2.967948944387899246e-07
1.054724837316184587e-14 2.967948944387899246e-07
1.056688943158486664e-14 2.967948944387899246e-07
1.058653049000788583e-14 2.967948944387899246e-07
1.060617154843090660e-14 2.967948944387899246e-07
1.062581260685392580e-14 2.967948944387899246e-07
1.064545366527694657e-14 2.967948944387899246e-07
1.066509472369996734e-14 2.967948944387899246e-07
1.068473578212298653e-14 2.967948944387899246e-07
1.070437684054600730e-14 2.967948944387899246e-07
1.072401789896902807e-14 2.967948944387899246e-07
1.074365895739204726e-14 2.967948944387899246e-07
1.076330001581506803e-14 2.967948944387899246e-07
1.078294107423808880e-14 2.967948944387899246e-07
1.080258213266110799e-14 2.967948944387899246e-07
1.082222319108412876e-14 2.967948944387899246e-07
1.084186424950714796e-14 2.967948944387899246e-07
1.086150530793016873e-14 2.967948944387899246e-07
1.088114636635318950e-14 2.967948944387899246e-07
1.090078742477620869e-14 2.967948944387899246e-07
1.092042848319922946e-14 2.967948944387899246e-07
1.094006954162225023e-14 2.967948944387899246e-07
1.095971060004526942e-14 2.967948944387899246e-07
1.097935165846829019e-14 2.967948944387899246e-07
1.099899271689131096e-14 2.967948944387899246e-07
1.101863377531433015e-14 2.967948944387899246e-07
1.103827483373735092e-14 2.967948944387899246e-07
1.105791589216037012e-14 2.967948944387899246e-07
1.107755695058339089e-14 2.967948944387899246e-07
1.109719800900641166e-14 2.967948944387899246e-07
1.111683906742943085e-14 2.967948944387899246e-07
1.113648012585245162e-14 2.967948944387899246e-07
1.115612118427547239e-14 2.967948944387899246e-07
1.117576224269849158e-14 2.967948944387899246e-07
1.119540330112151235e-14 2.967948944387899246e-07
1.121504435954453312e-14 2.967948944387899246e-07
1.123468541796755231e-14 2.967948944387899246e-07
1.125432647639057308e-14 2.967948944387899246e-07
1.127396753481359228e-14 2.967948944387899246e-07
1.129360859323661305e-14 2.967948944387899246e-07
1.131324965165963382e-14 2.967948944387899246e-07
1.133289071008265301e-14 2.967948944387899246e-07
1.135253176850567378e-14 2.967948944387899246e-07
1.137217282692869455e-14 2.967948944387899246e-07
1.139181388535171374e-14 2.967948944387899246e-07
1.141145494377473451e-14 2.967948944387899246e-07
1.143109600219775528e-14 2.967948944387899246e-07
1.145073706062077447e-14 2.967948944387899246e-07
1.147037811904379524e-14 2.967948944387899246e-07
1.149001917746681444e-14 2.967948944387899246e-07
1.150966023588983521e-14 2.967948944387899246e-07
1.152930129431285598e-14 2.967948944387899246e-07
1.154894235273587517e-14 2.967948944387899246e-07
1.156858341115889594e-14 2.967948944387899246e-07
1.158822446958191671e-14 2.967948944387899246e-07
1.160786552800493590e-14 2.967948944387899246e-07
1.162750658642795667e-14 2.967948944387899246e-07
1.164714764485097744e-14 2.967948944387899246e-07
1.166678870327399663e-14 2.967948944387899246e-07
1.168642976169701740e-14 2.967948944387899246e-07
1.170607082012003660e-14 2.967948944387899246e-07
1.172571187854305737e-14 2.967948944387899246e-07
1.174535293696607814e-14 2.967948944387899246e-07
1.176499399538909733e-14 2.967948944387899246e-07
1.178463505381211810e-14 2.967948944387899246e-07
1.180427611223513887e-14 2.967948944387899246e-07
1.182391717065815806e-14 2.967948944387899246e-07
1.184355822908117883e-14 2.967948944387899246e-07
1.186319928750419960e-14 2.967948944387899246e-07
1.188284034592721879e-14 2.967948944387899246e-07
1.190248140435023956e-14 2.967948944387899246e-07
1.192212246277325876e-14 2.967948944387899246e-07
1.194176352119627953e-14 2.967948944387899246e-07
1.196140457961930030e-14 2.967948944387899246e-07
1.198104563804231949e-14 2.967948944387899246e-07
1.200068669646534026e-14 2.967948944387899246e-07
1.202032775488836103e-14 2.967948944387899246e-07
1.203996881331138022e-14 2.967948944387899246e-07
1.205960987173440099e-14 2.967948944387899246e-07
1.207925093015742176e-14 2.967948944387899246e-07
1.209889198858044095e-14 2.967948944387899246e-07
1.211853304700346172e-14 2.967948944387899246e-07
1.213817410542648092e-14 2.967948944387899246e-07
1.215781516384950169e-14 2.967948944387899246e-07
1.217745622227252246e-14 2.967948944387899246e-07
1.219709728069554165e-14 2.967948944387899246e-07
1.221673833911856242e-14 2.967948944387899246e-07
1.223637939754158319e-14 2.967948944387899246e-07
1.225602045596460238e-14 2.967948944387899246e-07
1.227566151438762315e-14 2.967948944387899246e-07
1.229530257281064392e-14 2.967948944387899246e-07
1.231494363123366311e-14 2.967948944387899246e-07
1.233458468965668388e-14 2.967948944387899246e-07
1.235422574807970308e-14 2.967948944387899246e-07
1.237386680650272385e-14 2.967948944387899246e-07
1.239350786492574462e-14 2.967948944387899246e-07
1.241314892334876381e-14 2.967948944387899246e-07
1.243278998177178458e-14 2.967948944387899246e-07
1.245243104019480535e-14 2.967948944387899246e-07
1.247207209861782454e-14 2.967948944387899246e-07
1.249171315704084531e-14 2.967948944387899246e-07
1.251135421546386608e-14 2.967948944387899246e-07
1.253099527388688527e-14 2.967948944387899246e-07
1.255063633230990604e-14 2.967948944387899246e-07
1.257027739073292681e-14 2.967948944387899246e-07
1.258991844915594601e-14 2.967948944387899246e-07
1.260955950757896678e-14 2.967948944387899246e-07
1.262920056600198597e-14 2.967948944387899246e-07
1.264884162442500674e-14 2.967948944387899246e-07
1.266848268284802751e-14 2.967948944387899246e-07
1.268812374127104670e-14 2.967948944387899246e-07
1.270776479969406747e-14 2.967948944387899246e-07
1.272740585811708824e-14 2.967948944387899246e-07
1.274704691654010743e-14 2.967948944387899246e-07
1.276668797496312820e-14 2.967948944387899246e-07
1.278632903338614897e-14 2.967948944387899246e-07
1.280597009180916817e-14 2.967948944387899246e-07
1.282561115023218894e-14 2.967948944387899246e-07
1.284525220865520813e-14 2.967948944387899246e-07
1.286489326707822890e-14 2.967948944387899246e-07
1.288453432550124967e-14 2.967948944387899246e-07
1.290417538392426886e-14 2.967948944387899246e-07
1.292381644234728963e-14 2.967948944387899246e-07
1.294345750077031040e-14 2.967948944387899246e-07
1.296309855919332959e-14 2.967948944387899246e-07
1.298273961761635036e-14 2.967948944387899246e-07
1.300238067603937113e-14 2.967948944387899246e-07
1.302202173446239033e-14 2.967948944387899246e-07
1.304166279288541110e-14 2.967948944387899246e-07
1.306130385130843029e-14 2.967948944387899246e-07
1.308094490973145106e-14 2.967948944387899246e-07
1.310058596815447183e-14 2.967948944387899246e-07
1.312022702657749102e-14 2.967948944387899246e-07
1.313986808500051179e-14 2.967948944387899246e-07
1.315950914342353256e-14 2.967948944387899246e-07
1.317915020184655175e-14 2.967948944387899246e-07
1.319879126026957252e-14 2.967948944387899246e-07
1.321843231869259329e-14 2.967948944387899246e-07
1.323807337711561249e-14 2.967948944387899246e-07
1.325771443553863326e-14 2.967948944387899246e-07
1.327735549396165245e-14 2.967948944387899246e-07
1.329699655238467322e-14 2.967948944387899246e-07
1.331663761080769399e-14 2.967948944387899246e-07
1.333627866923071318e-14 2.967948944387899246e-07
1.335591972765373395e-14 2.967948944387899246e-07
1.337556078607675472e-14 2.967948944387899246e-07
1.339520184449977391e-14 2.967948944387899246e-07
1.341484290292279468e-14 2.967948944387899246e-07
1.343448396134581545e-14 2.967948944387899246e-07
1.345412501976883465e-14 2.967948944387899246e-07
1.347376607819185542e-14 2.967948944387899246e-07
1.349340713661487461e-14 2.967948944387899246e-07
1.351304819503789538e-14 2.967948944387899246e-07
1.353268925346091615e-14 2.967948944387899246e-07
1.355233031188393534e-14 2.967948944387899246e-07
1.357197137030695611e-14 2.967948944387899246e-07
1.359161242872997688e-14 2.967948944387899246e-07
1.361125348715299607e-14 2.967948944387899246e-07
1.363089454557601684e-14 2.967948944387899246e-07
1.365053560399903761e-14 2.967948944387899246e-07
1.367017666242205680e-14 2.967948944387899246e-07
1.368981772084507757e-14 2.967948944387899246e-07
1.370945877926809677e-14 2.967948944387899246e-07
1.372909983769111754e-14 2.967948944387899246e-07
1.374874089611413831e-14 2.967948944387899246e-07
1.376838195453715750e-14 2.967948944387899246e-07
1.378802301296017827e-14 2.967948944387899246e-07
1.380766407138319904e-14 2.967948944387899246e-07
1.382730512980621823e-14 2.967948944387899246e-07
1.384694618822923900e-14 2.967948944387899246e-07
1.386658724665225977e-14 2.967948944387899246e-07
1.388622830507527896e-14 2.967948944387899246e-07
1.390586936349829973e-14 2.967948944387899246e-07
1.392551042192131893e-14 2.967948944387899246e-07
1.394515148034433970e-14 2.967948944387899246e-07
1.396479253876736047e-14 2.967948944387899246e-07
1.398443359719037966e-14 2.967948944387899246e-07
1.400407465561340043e-14 2.967948944387899246e-07
1.402371571403642120e-14 2.967948944387899246e-07
1.404335677245944039e-14 2.967948944387899246e-07
1.406299783088246116e-14 2.967948944387899246e-07
1.408263888930548193e-14 2.967948944387899246e-07
1.410227994772850112e-14 2.967948944387899246e-07
1.412192100615152189e-14 2.967948944387899246e-07
1.414156206457454109e-14 2.967948944387899246e-07
1.416120312299756186e-14 2.967948944387899246e-07
1.418084418142058263e-14 2.967948944387899246e-07
1.420048523984360182e-14 2.967948944387899246e-07
1.422012629826662101e-14 2.967948944387899246e-07
1.423976735668964178e-14 2.967948944387899246e-07
1.425940841511266255e-14 2.967948944387899246e-07
1.427904947353568332e-14 2.967948944387899246e-07
1.429869053195870409e-14 2.967948944387899246e-07
1.431833159038172486e-14 2.967948944387899246e-07
1.433797264880474248e-14 2.967948944387899246e-07
1.435761370722776325e-14 2.967948944387899246e-07
1.437725476565078402e-14 2.967948944387899246e-07
1.439689582407380479e-14 2.967948944387899246e-07
1.441653688249682556e-14 2.967948944387899246e-07
1.443617794091984317e-14 2.967948944387899246e-07
1.445581899934286394e-14 2.967948944387899246e-07
1.447546005776588471e-14 2.967948944387899246e-07
1.449510111618890548e-14 2.967948944387899246e-07
1.451474217461192625e-14 2.967948944387899246e-07
1.453438323303494702e-14 2.967948944387899246e-07
1.455402429145796464e-14 2.967948944387899246e-07
1.457366534988098541e-14 2.967948944387899246e-07
1.459330640830400618e-14 2.967948944387899246e-07
1.461294746672702695e-14 2.967948944387899246e-07
1.463258852515004772e-14 2.967948944387899246e-07
1.465222958357306533e-14 2.967948944387899246e-07
1.467187064199608610e-14 2.967948944387899246e-07
1.469151170041910687e-14 2.967948944387899246e-07
1.471115275884212764e-14 2.967948944387899246e-07
1.473079381726514841e-14 2.967948944387899246e-07
1.475043487568816918e-14 2.967948944387899246e-07
1.477007593411118680e-14 2.967948944387899246e-07
1.478971699253420757e-14 2.967948944387899246e-07
1.480935805095722834e-14 2.967948944387899246e-07
1.482899910938024911e-14 2.967948944387899246e-07
1.484864016780326988e-14 2.967948944387899246e-07
1.486828122622628749e-14 2.967948944387899246e-07
1.488792228464930826e-14 2.967948944387899246e-07
1.490756334307232903e-14 2.967948944387899246e-07
1.492720440149534980e-14 2.967948944387899246e-07
1.494684545991837057e-14 2.967948944387899246e-07
1.496648651834139134e-14 2.967948944387899246e-07
1.498612757676440896e-14 2.967948944387899246e-07
1.500576863518742973e-14 2.967948944387899246e-07
1.502540969361045050e-14 2.967948944387899246e-07
1.504505075203347127e-14 2.967948944387899246e-07
1.506469181045649204e-14 2.967948944387899246e-07
1.508433286887950965e-14 2.967948944387899246e-07
1.510397392730253042e-14 2.967948944387899246e-07
1.512361498572555119e-14 2.967948944387899246e-07
1.514325604414857196e-14 2.967948944387899246e-07
1.516289710257159273e-14 2.967948944387899246e-07
1.518253816099461350e-14 2.967948944387899246e-07
1.520217921941763112e-14 2.967948944387899246e-07
1.522182027784065189e-14 2.967948944387899246e-07
1.524146133626367266e-14 2.967948944387899246e-07
1.526110239468669343e-14 2.967948944387899246e-07
1.528074345310971420e-14 2.967948944387899246e-07
1.530038451153273497e-14 2.967948944387899246e-07
1.532002556995575258e-14 2.967948944387899246e-07
1.533966662837877335e-14 2.967948944387899246e-07
1.535930768680179412e-14 2.967948944387899246e-07
1.537894874522481489e-14 2.967948944387899246e-07
1.539858980364783566e-14 2.967948944387899246e-07
1.541823086207085328e-14 2.967948944387899246e-07
1.543787192049387405e-14 2.967948944387899246e-07
1.545751297891689482e-14 2.967948944387899246e-07
1.547715403733991559e-14 2.967948944387899246e-07
1.549679509576293636e-14 2.967948944387899246e-07
1.551643615418595713e-14 2.967948944387899246e-07
1.553607721260897474e-14 2.967948944387899246e-07
1.555571827103199551e-14 2.967948944387899246e-07
1.557535932945501628e-14 2.967948944387899246e-07
1.559500038787803705e-14 2.967948944387899246e-07
1.561464144630105782e-14 2.967948944387899246e-07
1.563428250472407544e-14 2.967948944387899246e-07
1.565392356314709621e-14 2.967948944387899246e-07
1.567356462157011698e-14 2.967948944387899246e-07
1.569320567999313775e-14 2.967948944387899246e-07
1.571284673841615852e-14 2.967948944387899246e-07
1.573248779683917929e-14 2.967948944387899246e-07
1.575212885526219690e-14 2.967948944387899246e-07
1.577176991368521767e-14 2.967948944387899246e-07
1.579141097210823844e-14 2.967948944387899246e-07
1.581105203053125921e-14 2.967948944387899246e-07
1.583069308895427998e-14 2.967948944387899246e-07
1.585033414737729760e-14 2.967948944387899246e-07
1.586997520580031837e-14 2.967948944387899246e-07
1.588961626422333914e-14 2.967948944387899246e-07
1.590925732264635991e-14 2.967948944387899246e-07
1.592889838106938068e-14 2.967948944387899246e-07
1.594853943949240145e-14 2.967948944387899246e-07
1.596818049791541906e-14 2.967948944387899246e-07
1.598782155633843983e-14 2.967948944387899246e-07
1.600746261476146060e-14 2.967948944387899246e-07
1.602710367318448137e-14 2.967948944387899246e-07
1.604674473160750214e-14 2.967948944387899246e-07
1.606638579003051976e-14 2.967948944387899246e-07
1.608602684845354053e-14 2.967948944387899246e-07
1.610566790687656130e-14 2.967948944387899246e-07
1.612530896529958207e-14 2.967948944387899246e-07
1.614495002372260284e-14 2.967948944387899246e-07
1.616459108214562361e-14 2.967948944387899246e-07
1.618423214056864122e-14 2.967948944387899246e-07
1.620387319899166199e-14 2.967948944387899246e-07
1.622351425741468276e-14 2.967948944387899246e-07
1.624315531583770353e-14 2.967948944387899246e-07
1.626279637426072430e-14 2.967948944387899246e-07
1.628243743268374192e-14 2.967948944387899246e-07
1.630207849110676269e-14 2.967948944387899246e-07
1.632171954952978346e-14 2.967948944387899246e-07
1.634136060795280423e-14 2.967948944387899246e-07
1.636100166637582500e-14 2.967948944387899246e-07
1.638064272479884577e-14 2.967948944387899246e-07
1.640028378322186338e-14 2.967948944387899246e-07
1.641992484164488415e-14 2.967948944387899246e-07
1.643956590006790492e-14 2.967948944387899246e-07
1.645920695849092569e-14 2.967948944387899246e-07
1.647884801691394646e-14 2.967948944387899246e-07
1.649848907533696408e-14 2.967948944387899246e-07
1.651813013375998485e-14 2.967948944387899246e-07
1.653777119218300562e-14 2.967948944387899246e-07
1.655741225060602639e-14 2.967948944387899246e-07
1.657705330902904716e-14 2.967948944387899246e-07
1.659669436745206793e-14 2.967948944387899246e-07
1.661633542587508554e-14 2.967948944387899246e-07
1.663597648429810631e-14 2.967948944387899246e-07
1.665561754272112708e-14 2.967948944387899246e-07
1.667525860114414785e-14 2.967948944387899246e-07
1.669489965956716862e-14 2.967948944387899246e-07
1.671454071799018624e-14 2.967948944387899246e-07
1.673418177641320701e-14 2.967948944387899246e-07
1.675382283483622778e-14 2.967948944387899246e-07
1.677346389325924855e-14 2.967948944387899246e-07
1.679310495168226932e-14 2.967948944387899246e-07
1.681274601010529009e-14 2.967948944387899246e-07
1.683238706852830770e-14 2.967948944387899246e-07
1.685202812695132847e-14 2.967948944387899246e-07
1.687166918537434924e-14 2.967948944387899246e-07
1.689131024379737001e-14 2.967948944387899246e-07
1.691095130222039078e-14 2.967948944387899246e-07
1.693059236064340840e-14 2.967948944387899246e-07
1.695023341906642917e-14 2.967948944387899246e-07
1.696987447748944994e-14 2.967948944387899246e-07
1.698951553591247071e-14 2.967948944387899246e-07
1.700915659433549148e-14 2.967948944387899246e-07
1.702879765275851225e-14 2.967948944387899246e-07
1.704843871118152986e-14 2.967948944387899246e-07
1.706807976960455063e-14 2.967948944387899246e-07
1.708772082802757140e-14 2.967948944387899246e-07
1.710736188645059217e-14 2.967948944387899246e-07
1.712700294487361294e-14 2.967948944387899246e-07
1.714664400329663056e-14 2.967948944387899246e-07
1.716628506171965133e-14 2.967948944387899246e-07
1.718592612014267210e-14 2.967948944387899246e-07
1.720556717856569287e-14 2.967948944387899246e-07
1.722520823698871364e-14 2.967948944387899246e-07
1.724484929541173441e-14 2.967948944387899246e-07
1.726449035383475202e-14 2.967948944387899246e-07
1.728413141225777279e-14 2.967948944387899246e-07
1.730377247068079356e-14 2.967948944387899246e-07
1.732341352910381433e-14 2.967948944387899246e-07
1.734305458752683510e-14 2.967948944387899246e-07
1.736269564594985272e-14 2.967948944387899246e-07
1.738233670437287349e-14 2.967948944387899246e-07
1.740197776279589426e-14 2.967948944387899246e-07
1.742161882121891503e-14 2.967948944387899246e-07
1.744125987964193580e-14 2.967948944387899246e-07
1.746090093806495657e-14 2.967948944387899246e-07
1.748054199648797418e-14 2.967948944387899246e-07
1.750018305491099495e-14 2.967948944387899246e-07
1.751982411333401572e-14 2.967948944387899246e-07
1.753946517175703649e-14 2.967948944387899246e-07
1.755910623018005726e-14 2.967948944387899246e-07
1.757874728860307488e-14 2.967948944387899246e-07
1.759838834702609565e-14 2.967948944387899246e-07
1.761802940544911642e-14 2.967948944387899246e-07
1.763767046387213719e-14 2.967948944387899246e-07
1.765731152229515796e-14 2.967948944387899246e-07
1.767695258071817873e-14 2.967948944387899246e-07
1.769659363914119634e-14 2.967948944387899246e-07
1.771623469756421711e-14 2.967948944387899246e-07
1.773587575598723788e-14 2.967948944387899246e-07
1.775551681441025865e-14 2.967948944387899246e-07
1.777515787283327942e-14 2.967948944387899246e-07
1.779479893125629703e-14 2.967948944387899246e-07
1.781443998967931781e-14 2.967948944387899246e-07
1.783408104810233858e-14 2.967948944387899246e-07
1.785372210652535935e-14 2.967948944387899246e-07
1.787336316494838012e-14 2.967948944387899246e-07
1.789300422337140089e-14 2.967948944387899246e-07
1.791264528179441850e-14 2.967948944387899246e-07
1.793228634021743927e-14 2.967948944387899246e-07
1.795192739864046004e-14 2.967948944387899246e-07
1.797156845706348081e-14 2.967948944387899246e-07
1.799120951548650158e-14 2.967948944387899246e-07
1.801085057390951919e-14 2.967948944387899246e-07
1.803049163233253996e-14 2.967948944387899246e-07
1.805013269075556073e-14 2.967948944387899246e-07
1.806977374917858151e-14 2.967948944387899246e-07
1.808941480760160228e-14 2.967948944387899246e-07
1.810905586602462305e-14 2.967948944387899246e-07
1.812869692444764066e-14 2.967948944387899246e-07
1.814833798287066143e-14 2.967948944387899246e-07
1.816797904129368220e-14 2.967948944387899246e-07
1.818762009971670297e-14 2.967948944387899246e-07
1.820726115813972374e-14 2.967948944387899246e-07
1.822690221656274135e-14 2.967948944387899246e-07
1.824654327498576212e-14 2.967948944387899246e-07
1.826618433340878289e-14 2.967948944387899246e-07
1.828582539183180366e-14 2.967948944387899246e-07
1.830546645025482444e-14 2.967948944387899246e-07
1.832510750867784521e-14 2.967948944387899246e-07
1.834474856710086282e-14 2.967948944387899246e-07
1.836438962552388359e-14 2.967948944387899246e-07
1.838403068394690436e-14 2.967948944387899246e-07
1.840367174236992513e-14 2.967948944387899246e-07
1.842331280079294590e-14 2.967948944387899246e-07
1.844295385921596351e-14 2.967948944387899246e-07
1.846259491763898428e-14 2.967948944387899246e-07
1.848223597606200505e-14 2.967948944387899246e-07
1.850187703448502582e-14 2.967948944387899246e-07
1.852151809290804659e-14 2.967948944387899246e-07
1.854115915133106736e-14 2.967948944387899246e-07
1.856080020975408498e-14 2.967948944387899246e-07
1.858044126817710575e-14 2.967948944387899246e-07
1.860008232660012652e-14 2.967948944387899246e-07
1.861972338502314729e-14 2.967948944387899246e-07
1.863936444344616806e-14 2.967948944387899246e-07
1.865900550186918567e-14 2.967948944387899246e-07
1.867864656029220644e-14 2.967948944387899246e-07
1.869828761871522721e-14 2.967948944387899246e-07
1.871792867713824798e-14 2.967948944387899246e-07
1.873756973556126875e-14 2.967948944387899246e-07
1.875721079398428952e-14 2.967948944387899246e-07
1.877685185240730714e-14 2.967948944387899246e-07
1.879649291083032791e-14 2.967948944387899246e-07
1.881613396925334868e-14 2.967948944387899246e-07
1.883577502767636945e-14 2.967948944387899246e-07
1.885541608609939022e-14 2.967948944387899246e-07
1.887505714452240783e-14 2.967948944387899246e-07
1.889469820294542860e-14 2.967948944387899246e-07
1.891433926136844937e-14 2.967948944387899246e-07
1.893398031979147014e-14 2.967948944387899246e-07
1.895362137821449091e-14 2.967948944387899246e-07
1.897326243663751168e-14 2.967948944387899246e-07
1.899290349506052930e-14 2.967948944387899246e-07
1.901254455348355007e-14 2.967948944387899246e-07
1.903218561190657084e-14 2.967948944387899246e-07
1.905182667032959161e-14 2.967948944387899246e-07
1.907146772875261238e-14 2.967948944387899246e-07
1.909110878717562999e-14 2.967948944387899246e-07
1.911074984559865076e-14 2.967948944387899246e-07
1.913039090402167153e-14 2.967948944387899246e-07
1.915003196244469230e-14 2.967948944387899246e-07
1.916967302086771307e-14 2.967948944387899246e-07
1.918931407929073384e-14 2.967948944387899246e-07
1.920895513771375146e-14 2.967948944387899246e-07
1.922859619613677223e-14 2.967948944387899246e-07
1.924823725455979300e-14 2.967948944387899246e-07
1.926787831298281377e-14 2.967948944387899246e-07
1.928751937140583454e-14 2.967948944387899246e-07
1.930716042982885215e-14 2.967948944387899246e-07
1.932680148825187292e-14 2.967948944387899246e-07
1.934644254667489369e-14 2.967948944387899246e-07
1.936608360509791446e-14 2.967948944387899246e-07
1.938572466352093523e-14 2.967948944387899246e-07
1.940536572194395600e-14 2.967948944387899246e-07
1.942500678036697362e-14 2.967948944387899246e-07
1.944464783878999439e-14 2.967948944387899246e-07
1.946428889721301516e-14 2.967948944387899246e-07
1.948392995563603593e-14 2.967948944387899246e-07
1.950357101405905670e-14 2.967948944387899246e-07
1.952321207248207431e-14 2.967948944387899246e-07
1.954285313090509508e-14 2.967948944387899246e-07
1.956249418932811585e-14 2.967948944387899246e-07
1.958213524775113662e-14 2.967948944387899246e-07
1.960177630617415739e-14 2.967948944387899246e-07
1.962141736459717816e-14 2.967948944387899246e-07
