0.000000000000000000e+00 0.000000000000000000e+00 0.000000000000000000e+00 0.000000000000000000e+00
3.967791032617647984e-01 1.390788421191947974e-08 5.164093858124508303e-10 1.442429359773193026e-08
7.935582065235295968e-01 2.781576974732793956e-08 1.032821286253963822e-09 2.884859103358190276e-08
1.190337309785294284e+00 4.172365515038750634e-08 1.549236363069029120e-09 4.327289151345653773e-08
1.587116413047059194e+00 5.563154081814485921e-08 2.065594926904644589e-09 5.769713574504950256e-08
1.983895516308824103e+00 6.953942648590221869e-08 2.582034223568045440e-09 7.212146070947025917e-08
2.380674619570588568e+00 8.344731228600848281e-08 3.098436330191105907e-09 8.654574861619959326e-08
2.777453722832353922e+00 9.735519848316142771e-08 3.614832348764857984e-09 1.009700308319262865e-07
3.174232826094118387e+00 1.112630842832676786e-07 4.131233925992326004e-09 1.153943182092600021e-07
3.571011929355883296e+00 1.251709706127695215e-07 4.647653105623229979e-09 1.298186237183927449e-07
3.967791032617648206e+00 1.390788570746202757e-07 5.164055741641882066e-09 1.442429128162621478e-07
4.364570135879413115e+00 1.529867432717732338e-07 5.680450039679959619e-09 1.586671933114531802e-07
4.761349239141177137e+00 1.668946299983217840e-07 6.196802515466267318e-09 1.730914325137880604e-07
5.158128342402941158e+00 1.808025161954747156e-07 6.713248032527874154e-09 1.875157642280025956e-07
5.554907445664707843e+00 1.947104030543721638e-07 7.229656624246937451e-09 2.019400596786191029e-07
5.951686548926471865e+00 2.086182895162229180e-07 7.746053966309669199e-09 2.163643434825325855e-07
6.348465652188236774e+00 2.225261766398181357e-07 8.262470234264816160e-09 2.307886468740829469e-07
6.745244755450001684e+00 2.364340634987155839e-07 8.778877237797102527e-09 2.452129407365127046e-07
7.142023858711766593e+00 2.503419504899619036e-07 9.295259624434360971e-09 2.596372101143962513e-07
7.538802961973531502e+00 2.642498374812082498e-07 9.811704479751477765e-09 2.740615419609597110e-07
7.935582065235296412e+00 2.781577252665479840e-07 1.032807283740554565e-08 2.884857981039535098e-07
8.332361168497060433e+00 2.920656122577943302e-07 1.084449995797032931e-08 3.029101122157646364e-07
8.729140271758826231e+00 3.059734997784362684e-07 1.136090669680481966e-08 3.173344064752410616e-07
9.125919375020590252e+00 3.198813872990782067e-07 1.187726618708272264e-08 3.317586534861609508e-07
9.522698478282354273e+00 3.337892750844179409e-07 1.239367967571101142e-08 3.461829547601289705e-07
9.919477581544120071e+00 3.476971628697576222e-07 1.291010639922910105e-08 3.606072692689867381e-07
1.031625668480588232e+01 3.616050509197951524e-07 1.342649659445134034e-08 3.750315475142465044e-07
1.071303578806764989e+01 3.755129385727859887e-07 1.394291127421971120e-08 3.894558498470057082e-07
1.110981489132941569e+01 3.894208268875213150e-07 1.445929511669484774e-08 4.038801220042161660e-07
1.150659399459117971e+01 4.033287152022566412e-07 1.497570251727382813e-08 4.183044177195304694e-07
1.190337309785294373e+01 4.172366032522941715e-07 1.549209628591631365e-08 4.327286995382104818e-07
1.230015220111470775e+01 4.311444919640761388e-07 1.600850792166003031e-08 4.471529998857361625e-07
1.269693130437647355e+01 4.450523802788114651e-07 1.652491188116766249e-08 4.615772921599791177e-07
1.309371040763823757e+01 4.589602685935467914e-07 1.704134707501522466e-08 4.760016156685620028e-07
1.349048951090000337e+01 4.728681574376777097e-07 1.755772443239435713e-08 4.904258818700721032e-07
1.388726861416176916e+01 4.867760464141574731e-07 1.807411317177872163e-08 5.048501595859361715e-07
1.428404771742353319e+01 5.006839349935905954e-07 1.859048999976226207e-08 5.192744249933528310e-07
1.468082682068529721e+01 5.145918239700704117e-07 1.910690467953063293e-08 5.336987286496010148e-07
1.507760592394706300e+01 5.284997129465502280e-07 1.962329844817311844e-08 5.481230113947233133e-07
1.547438502720882703e+01 5.424076023200767383e-07 2.013974145060566312e-08 5.625473437706823651e-07
1.587116413047059282e+01 5.563154916936032487e-07 2.065611351402887525e-08 5.769716052076320842e-07
1.626794323373236040e+01 5.702233809347808610e-07 2.117255611941472590e-08 5.913959370541955439e-07
1.666472233699412087e+01 5.841312703083073713e-07 2.168893850605198269e-08 6.058202088143593077e-07
1.706150144025588489e+01 5.980391602112294737e-07 2.220534074502394075e-08 6.202445009562533648e-07
1.745828054351765246e+01 6.119470497171048821e-07 2.272173001380389398e-08 6.346687797309087231e-07
1.785505964677941648e+01 6.258549393553291884e-07 2.323820292708739188e-08 6.490931422824166266e-07
1.825183875004118050e+01 6.397628296552979848e-07 2.375452218330029862e-08 6.635173518385983265e-07
1.864861785330294452e+01 6.536707196905689852e-07 2.427093792185985355e-08 6.779416576124288785e-07
1.904539695656470855e+01 6.675786093287932916e-07 2.478738952697076878e-08 6.923659988557640967e-07
1.944217605982647257e+01 6.814865000258086761e-07 2.530376357562745103e-08 7.067902636014361602e-07
