0.000000000000000000e+00 2.967576051560172345e-07
1.669489965956717138e-16 2.967576051560172345e-07
3.338979931913434276e-16 2.967576051560172345e-07
5.008469897870151415e-16 2.967576051560172345e-07
6.677959863826868553e-16 2.967576051560172345e-07
8.347449829783585691e-16 2.967576051560172345e-07
1.001693979574030283e-15 2.967576051560172345e-07
1.168642976169701898e-15 2.967576051560172345e-07
1.335591972765373711e-15 2.967576051560172345e-07
1.502540969361045523e-15 2.967576051560172345e-07
1.669489965956717138e-15 2.967576051560172345e-07
1.836438962552388753e-15 2.967576051560172345e-07
2.003387959148060566e-15 2.967576051560172345e-07
2.170336955743732378e-15 2.967576051560172345e-07
2.337285952339403796e-15 2.967576051560172345e-07
2.504234948935075609e-15 2.967576051560172345e-07
2.671183945530747421e-15 2.967576051560172345e-07
2.838132942126419234e-15 2.967576051560172345e-07
3.005081938722091046e-15 2.967576051560172345e-07
3.172030935317762464e-15 2.967576051560172345e-07
3.338979931913434276e-15 2.967576051560172345e-07
3.505928928509106089e-15 2.967576051560172345e-07
3.672877925104777507e-15 2.967576051560172345e-07
3.839826921700449319e-15 2.967576051560172345e-07
4.006775918296121132e-15 2.967576051560172345e-07
4.173724914891792944e-15 2.967576051560172345e-07
4.340673911487464757e-15 2.967576051560172345e-07
4.507622908083136569e-15 2.967576051560172345e-07
4.674571904678807593e-15 2.967576051560172345e-07
4.841520901274479405e-15 2.967576051560172345e-07
5.008469897870151217e-15 2.967576051560172345e-07
5.175418894465823030e-15 2.967576051560172345e-07
5.342367891061494842e-15 2.967576051560172345e-07
5.509316887657166655e-15 2.967576051560172345e-07
5.676265884252838467e-15 2.967576051560172345e-07
5.843214880848510280e-15 2.967576051560172345e-07
6.010163877444182092e-15 2.967576051560172345e-07
6.177112874039853116e-15 2.967576051560172345e-07
6.344061870635524928e-15 2.967576051560172345e-07
6.511010867231196740e-15 2.967576051560172345e-07
6.677959863826868553e-15 2.967576051560172345e-07
6.844908860422540365e-15 2.967576051560172345e-07
7.011857857018212178e-15 2.967576051560172345e-07
7.178806853613883201e-15 2.967576051560172345e-07
7.345755850209555014e-15 2.967576051560172345e-07
7.512704846805226826e-15 2.967576051560172345e-07
7.679653843400898638e-15 2.967576051560172345e-07
7.846602839996570451e-15 2.967576051560172345e-07
8.013551836592242263e-15 2.967576051560172345e-07
8.180500833187914076e-15 2.967576051560172345e-07
8.347449829783585888e-15 2.967576051560172345e-07
8.514398826379257701e-15 2.967576051560172345e-07
8.681347822974929513e-15 2.967576051560172345e-07
8.848296819570601325e-15 2.967576051560172345e-07
9.015245816166273138e-15 2.967576051560172345e-07
9.182194812761944950e-15 2.967576051560172345e-07
9.349143809357615185e-15 2.967576051560172345e-07
9.516092805953286997e-15 2.967576051560172345e-07
9.683041802548958810e-15 2.967576051560172345e-07
9.849990799144630622e-15 2.967576051560172345e-07
1.001693979574030243e-14 2.967576051560172345e-07
1.018388879233597425e-14 2.967576051560172345e-07
1.035083778893164606e-14 2.967576051560172345e-07
1.051778678552731787e-14 2.967576051560172345e-07
1.068473578212298968e-14 2.967576051560172345e-07
1.085168477871866150e-14 2.967576051560172345e-07
1.101863377531433331e-14 2.967576051560172345e-07
1.118558277191000512e-14 2.967576051560172345e-07
1.135253176850567693e-14 2.967576051560172345e-07
1.151948076510134875e-14 2.967576051560172345e-07
1.168642976169702056e-14 2.967576051560172345e-07
1.185337875829269237e-14 2.967576051560172345e-07
1.202032775488836418e-14 2.967576051560172345e-07
1.218727675148403442e-14 2.967576051560172345e-07
1.235422574807970623e-14 2.967576051560172345e-07
1.252117474467537804e-14 2.967576051560172345e-07
1.268812374127104986e-14 2.967576051560172345e-07
1.285507273786672167e-14 2.967576051560172345e-07
1.302202173446239348e-14 2.967576051560172345e-07
1.318897073105806529e-14 2.967576051560172345e-07
1.335591972765373711e-14 2.967576051560172345e-07
1.352286872424940892e-14 2.967576051560172345e-07
1.368981772084508073e-14 2.967576051560172345e-07
1.385676671744075254e-14 2.967576051560172345e-07
1.402371571403642436e-14 2.967576051560172345e-07
1.419066471063209617e-14 2.967576051560172345e-07
1.435761370722776640e-14 2.967576051560172345e-07
1.452456270382343821e-14 2.967576051560172345e-07
1.469151170041911003e-14 2.967576051560172345e-07
1.485846069701478184e-14 2.967576051560172345e-07
1.502540969361045365e-14 2.967576051560172345e-07
1.519235869020612546e-14 2.967576051560172345e-07
1.535930768680179728e-14 2.967576051560172345e-07
1.552625668339746909e-14 2.967576051560172345e-07
1.569320567999314090e-14 2.967576051560172345e-07
1.586015467658881271e-14 2.967576051560172345e-07
1.602710367318448453e-14 2.967576051560172345e-07
1.619405266978015634e-14 2.967576051560172345e-07
1.636100166637582815e-14 2.967576051560172345e-07
1.652795066297149996e-14 2.967576051560172345e-07
1.669489965956717178e-14 2.967576051560172345e-07
1.686184865616284359e-14 2.967576051560172345e-07
1.702879765275851540e-14 2.967576051560172345e-07
1.719574664935418721e-14 2.967576051560172345e-07
1.736269564594985903e-14 2.967576051560172345e-07
1.752964464254553084e-14 2.967576051560172345e-07
1.769659363914120265e-14 2.967576051560172345e-07
1.786354263573687446e-14 2.967576051560172345e-07
1.803049163233254628e-14 2.967576051560172345e-07
1.819744062892821809e-14 2.967576051560172345e-07
1.836438962552388990e-14 2.967576051560172345e-07
1.853133862211956171e-14 2.967576051560172345e-07
1.869828761871523037e-14 2.967576051560172345e-07
1.886523661531090218e-14 2.967576051560172345e-07
1.903218561190657399e-14 2.967576051560172345e-07
1.919913460850224581e-14 2.967576051560172345e-07
1.936608360509791762e-14 2.967576051560172345e-07
1.953303260169358943e-14 2.967576051560172345e-07
1.969998159828926124e-14 2.967576051560172345e-07
1.986693059488493306e-14 2.967576051560172345e-07
2.003387959148060487e-14 2.967576051560172345e-07
2.020082858807627668e-14 2.967576051560172345e-07
2.036777758467194849e-14 2.967576051560172345e-07
2.053472658126762031e-14 2.967576051560172345e-07
2.070167557786329212e-14 2.967576051560172345e-07
2.086862457445896393e-14 2.967576051560172345e-07
2.103557357105463574e-14 2.967576051560172345e-07
2.120252256765030756e-14 2.967576051560172345e-07
2.136947156424597937e-14 2.967576051560172345e-07
2.153642056084165118e-14 2.967576051560172345e-07
2.170336955743732299e-14 2.967576051560172345e-07
2.187031855403299481e-14 2.967576051560172345e-07
2.203726755062866662e-14 2.967576051560172345e-07
2.220421654722433843e-14 2.967576051560172345e-07
2.237116554382001024e-14 2.967576051560172345e-07
2.253811454041568206e-14 2.967576051560172345e-07
2.270506353701135387e-14 2.967576051560172345e-07
2.287201253360702568e-14 2.967576051560172345e-07
2.303896153020269749e-14 2.967576051560172345e-07
2.320591052679836931e-14 2.967576051560172345e-07
2.337285952339404112e-14 2.967576051560172345e-07
2.353980851998971293e-14 2.967576051560172345e-07
2.370675751658538474e-14 2.967576051560172345e-07
2.387370651318105656e-14 2.967576051560172345e-07
2.404065550977672837e-14 2.967576051560172345e-07
2.420760450637239702e-14 2.967576051560172345e-07
2.437455350296806884e-14 2.967576051560172345e-07
2.454150249956374065e-14 2.967576051560172345e-07
2.470845149615941246e-14 2.967576051560172345e-07
2.487540049275508427e-14 2.967576051560172345e-07
2.504234948935075609e-14 2.967576051560172345e-07
2.520929848594642790e-14 2.967576051560172345e-07
2.537624748254209971e-14 2.967576051560172345e-07
2.554319647913777152e-14 2.967576051560172345e-07
2.571014547573344334e-14 2.967576051560172345e-07
2.587709447232911515e-14 2.967576051560172345e-07
2.604404346892478696e-14 2.967576051560172345e-07
2.621099246552045877e-14 2.967576051560172345e-07
2.637794146211613059e-14 2.967576051560172345e-07
2.654489045871180240e-14 2.967576051560172345e-07
2.671183945530747421e-14 2.967576051560172345e-07
2.687878845190314602e-14 2.967576051560172345e-07
2.704573744849881784e-14 2.967576051560172345e-07
2.721268644509448965e-14 2.967576051560172345e-07
2.737963544169016146e-14 2.967576051560172345e-07
2.754658443828583327e-14 2.967576051560172345e-07
2.771353343488150509e-14 2.967576051560172345e-07
2.788048243147717690e-14 2.967576051560172345e-07
2.804743142807284871e-14 2.967576051560172345e-07
2.821438042466852052e-14 2.967576051560172345e-07
2.838132942126419234e-14 2.967576051560172345e-07
2.854827841785986415e-14 2.967576051560172345e-07
2.871522741445553280e-14 2.967576051560172345e-07
2.888217641105120777e-14 2.967576051560172345e-07
2.904912540764687643e-14 2.967576051560172345e-07
2.921607440424255140e-14 2.967576051560172345e-07
2.938302340083822005e-14 2.967576051560172345e-07
2.954997239743389502e-14 2.967576051560172345e-07
2.971692139402956368e-14 2.967576051560172345e-07
2.988387039062523865e-14 2.967576051560172345e-07
3.005081938722090730e-14 2.967576051560172345e-07
3.021776838381658227e-14 2.967576051560172345e-07
3.038471738041225093e-14 2.967576051560172345e-07
3.055166637700792590e-14 2.967576051560172345e-07
3.071861537360359455e-14 2.967576051560172345e-07
3.088556437019926952e-14 2.967576051560172345e-07
3.105251336679493818e-14 2.967576051560172345e-07
3.121946236339061315e-14 2.967576051560172345e-07
3.138641135998628180e-14 2.967576051560172345e-07
3.155336035658195677e-14 2.967576051560172345e-07
3.172030935317762543e-14 2.967576051560172345e-07
3.188725834977330040e-14 2.967576051560172345e-07
3.205420734636896905e-14 2.967576051560172345e-07
3.222115634296463771e-14 2.967576051560172345e-07
3.238810533956031268e-14 2.967576051560172345e-07
3.255505433615598134e-14 2.967576051560172345e-07
3.272200333275165630e-14 2.967576051560172345e-07
3.288895232934732496e-14 2.967576051560172345e-07
3.305590132594299993e-14 2.967576051560172345e-07
3.322285032253866858e-14 2.967576051560172345e-07
3.338979931913434355e-14 2.967576051560172345e-07
3.355674831573001221e-14 2.967576051560172345e-07
3.372369731232568718e-14 2.967576051560172345e-07
3.389064630892135583e-14 2.967576051560172345e-07
3.405759530551703080e-14 2.967576051560172345e-07
3.422454430211269946e-14 2.967576051560172345e-07
3.439149329870837443e-14 2.967576051560172345e-07
3.455844229530404308e-14 2.967576051560172345e-07
3.472539129189971805e-14 2.967576051560172345e-07
3.489234028849538671e-14 2.967576051560172345e-07
3.505928928509106168e-14 2.967576051560172345e-07
3.522623828168673033e-14 2.967576051560172345e-07
3.539318727828240530e-14 2.967576051560172345e-07
3.556013627487807396e-14 2.967576051560172345e-07
3.572708527147374893e-14 2.967576051560172345e-07
3.589403426806941758e-14 2.967576051560172345e-07
3.606098326466509255e-14 2.967576051560172345e-07
3.622793226126076121e-14 2.967576051560172345e-07
3.639488125785643618e-14 2.967576051560172345e-07
3.656183025445210483e-14 2.967576051560172345e-07
3.672877925104777980e-14 2.967576051560172345e-07
3.689572824764344846e-14 2.967576051560172345e-07
3.706267724423912343e-14 2.967576051560172345e-07
3.722962624083479208e-14 2.967576051560172345e-07
3.739657523743046074e-14 2.967576051560172345e-07
3.756352423402613571e-14 2.967576051560172345e-07
3.773047323062180437e-14 2.967576051560172345e-07
3.789742222721747933e-14 2.967576051560172345e-07
3.806437122381314799e-14 2.967576051560172345e-07
3.823132022040882296e-14 2.967576051560172345e-07
3.839826921700449161e-14 2.967576051560172345e-07
3.856521821360016658e-14 2.967576051560172345e-07
3.873216721019583524e-14 2.967576051560172345e-07
3.889911620679151021e-14 2.967576051560172345e-07
3.906606520338717886e-14 2.967576051560172345e-07
3.923301419998285383e-14 2.967576051560172345e-07
3.939996319657852249e-14 2.967576051560172345e-07
3.956691219317419746e-14 2.967576051560172345e-07
3.973386118976986611e-14 2.967576051560172345e-07
3.990081018636554108e-14 2.967576051560172345e-07
4.006775918296120974e-14 2.967576051560172345e-07
4.023470817955688471e-14 2.967576051560172345e-07
4.040165717615255336e-14 2.967576051560172345e-07
4.056860617274822833e-14 2.967576051560172345e-07
4.073555516934389699e-14 2.967576051560172345e-07
4.090250416593957196e-14 2.967576051560172345e-07
4.106945316253524061e-14 2.967576051560172345e-07
4.123640215913091558e-14 2.967576051560172345e-07
4.140335115572658424e-14 2.967576051560172345e-07
4.157030015232225921e-14 2.967576051560172345e-07
4.173724914891792786e-14 2.967576051560172345e-07
4.190419814551360283e-14 2.967576051560172345e-07
4.207114714210927149e-14 2.967576051560172345e-07
4.223809613870494646e-14 2.967576051560172345e-07
4.240504513530061511e-14 2.967576051560172345e-07
4.257199413189629008e-14 2.967576051560172345e-07
4.273894312849195874e-14 2.967576051560172345e-07
4.290589212508762739e-14 2.967576051560172345e-07
4.307284112168330236e-14 2.967576051560172345e-07
4.323979011827897102e-14 2.967576051560172345e-07
4.340673911487464599e-14 2.967576051560172345e-07
4.357368811147031464e-14 2.967576051560172345e-07
4.374063710806598961e-14 2.967576051560172345e-07
4.390758610466165827e-14 2.967576051560172345e-07
4.407453510125733324e-14 2.967576051560172345e-07
4.424148409785300189e-14 2.967576051560172345e-07
4.440843309444867686e-14 2.967576051560172345e-07
4.457538209104434552e-14 2.967576051560172345e-07
4.474233108764002049e-14 2.967576051560172345e-07
4.490928008423568914e-14 2.967576051560172345e-07
4.507622908083136411e-14 2.967576051560172345e-07
4.524317807742703277e-14 2.967576051560172345e-07
4.541012707402270774e-14 2.967576051560172345e-07
4.557707607061837639e-14 2.967576051560172345e-07
4.574402506721405136e-14 2.967576051560172345e-07
4.591097406380972002e-14 2.967576051560172345e-07
4.607792306040539499e-14 2.967576051560172345e-07
4.624487205700106364e-14 2.967576051560172345e-07
4.641182105359673861e-14 2.967576051560172345e-07
4.657877005019240727e-14 2.967576051560172345e-07
4.674571904678808224e-14 2.967576051560172345e-07
4.691266804338375089e-14 2.967576051560172345e-07
4.707961703997942586e-14 2.967576051560172345e-07
4.724656603657509452e-14 2.967576051560172345e-07
4.741351503317076949e-14 2.967576051560172345e-07
4.758046402976643814e-14 2.967576051560172345e-07
4.774741302636211311e-14 2.967576051560172345e-07
4.791436202295778177e-14 2.967576051560172345e-07
4.808131101955345674e-14 2.967576051560172345e-07
4.824826001614912539e-14 2.967576051560172345e-07
4.841520901274479405e-14 2.967576051560172345e-07
4.858215800934046902e-14 2.967576051560172345e-07
4.874910700593613767e-14 2.967576051560172345e-07
4.891605600253181264e-14 2.967576051560172345e-07
4.908300499912748130e-14 2.967576051560172345e-07
4.924995399572315627e-14 2.967576051560172345e-07
4.941690299231882492e-14 2.967576051560172345e-07
4.958385198891449989e-14 2.967576051560172345e-07
4.975080098551016855e-14 2.967576051560172345e-07
4.991774998210584352e-14 2.967576051560172345e-07
5.008469897870151217e-14 2.967576051560172345e-07
5.025164797529718714e-14 2.967576051560172345e-07
5.041859697189285580e-14 2.967576051560172345e-07
5.058554596848853077e-14 2.967576051560172345e-07
5.075249496508419942e-14 2.967576051560172345e-07
5.091944396167987439e-14 2.967576051560172345e-07
5.108639295827554305e-14 2.967576051560172345e-07
5.125334195487121802e-14 2.967576051560172345e-07
5.142029095146688667e-14 2.967576051560172345e-07
5.158723994806256164e-14 2.967576051560172345e-07
5.175418894465823030e-14 2.967576051560172345e-07
5.192113794125390527e-14 2.967576051560172345e-07
5.208808693784957392e-14 2.967576051560172345e-07
5.225503593444524889e-14 2.967576051560172345e-07
5.242198493104091755e-14 2.967576051560172345e-07
5.258893392763659252e-14 2.967576051560172345e-07
5.275588292423226117e-14 2.967576051560172345e-07
5.292283192082793614e-14 2.967576051560172345e-07
5.308978091742360480e-14 2.967576051560172345e-07
5.325672991401927977e-14 2.967576051560172345e-07
5.342367891061494842e-14 2.967576051560172345e-07
5.359062790721061708e-14 2.967576051560172345e-07
5.375757690380629205e-14 2.967576051560172345e-07
5.392452590040196070e-14 2.967576051560172345e-07
5.409147489699763567e-14 2.967576051560172345e-07
5.425842389359330433e-14 2.967576051560172345e-07
5.442537289018897930e-14 2.967576051560172345e-07
5.459232188678464795e-14 2.967576051560172345e-07
5.475927088338032292e-14 2.967576051560172345e-07
5.492621987997599158e-14 2.967576051560172345e-07
5.509316887657166655e-14 2.967576051560172345e-07
5.526011787316733520e-14 2.967576051560172345e-07
5.542706686976301017e-14 2.967576051560172345e-07
5.559401586635867883e-14 2.967576051560172345e-07
5.576096486295435380e-14 2.967576051560172345e-07
5.592791385955002245e-14 2.967576051560172345e-07
5.609486285614569742e-14 2.967576051560172345e-07
5.626181185274136608e-14 2.967576051560172345e-07
5.642876084933704105e-14 2.967576051560172345e-07
5.659570984593270970e-14 2.967576051560172345e-07
5.676265884252838467e-14 2.967576051560172345e-07
5.692960783912405964e-14 2.967576051560172345e-07
5.709655683571972830e-14 2.967576051560172345e-07
5.726350583231539695e-14 2.967576051560172345e-07
5.743045482891106561e-14 2.967576051560172345e-07
5.759740382550674689e-14 2.967576051560172345e-07
5.776435282210241555e-14 2.967576051560172345e-07
5.793130181869808420e-14 2.967576051560172345e-07
5.809825081529375286e-14 2.967576051560172345e-07
5.826519981188943414e-14 2.967576051560172345e-07
5.843214880848510280e-14 2.967576051560172345e-07
5.859909780508077145e-14 2.967576051560172345e-07
5.876604680167644011e-14 2.967576051560172345e-07
5.893299579827210877e-14 2.967576051560172345e-07
5.909994479486779004e-14 2.967576051560172345e-07
5.926689379146345870e-14 2.967576051560172345e-07
5.943384278805912736e-14 2.967576051560172345e-07
5.960079178465479602e-14 2.967576051560172345e-07
5.976774078125047729e-14 2.967576051560172345e-07
5.993468977784614595e-14 2.967576051560172345e-07
6.010163877444181461e-14 2.967576051560172345e-07
6.026858777103748327e-14 2.967576051560172345e-07
6.043553676763316454e-14 2.967576051560172345e-07
6.060248576422883320e-14 2.967576051560172345e-07
6.076943476082450186e-14 2.967576051560172345e-07
6.093638375742017052e-14 2.967576051560172345e-07
6.110333275401585179e-14 2.967576051560172345e-07
6.127028175061152045e-14 2.967576051560172345e-07
6.143723074720718911e-14 2.967576051560172345e-07
6.160417974380285776e-14 2.967576051560172345e-07
6.177112874039853904e-14 2.967576051560172345e-07
6.193807773699420770e-14 2.967576051560172345e-07
6.210502673358987636e-14 2.967576051560172345e-07
6.227197573018554501e-14 2.967576051560172345e-07
6.243892472678122629e-14 2.967576051560172345e-07
6.260587372337689495e-14 2.967576051560172345e-07
6.277282271997256361e-14 2.967576051560172345e-07
6.293977171656823226e-14 2.967576051560172345e-07
6.310672071316391354e-14 2.967576051560172345e-07
6.327366970975958220e-14 2.967576051560172345e-07
6.344061870635525086e-14 2.967576051560172345e-07
6.360756770295091951e-14 2.967576051560172345e-07
6.377451669954660079e-14 2.967576051560172345e-07
6.394146569614226945e-14 2.967576051560172345e-07
6.410841469273793811e-14 2.967576051560172345e-07
6.427536368933360676e-14 2.967576051560172345e-07
6.444231268592927542e-14 2.967576051560172345e-07
6.460926168252495670e-14 2.967576051560172345e-07
6.477621067912062536e-14 2.967576051560172345e-07
6.494315967571629401e-14 2.967576051560172345e-07
6.511010867231196267e-14 2.967576051560172345e-07
6.527705766890764395e-14 2.967576051560172345e-07
6.544400666550331261e-14 2.967576051560172345e-07
6.561095566209898126e-14 2.967576051560172345e-07
6.577790465869464992e-14 2.967576051560172345e-07
6.594485365529033120e-14 2.967576051560172345e-07
6.611180265188599986e-14 2.967576051560172345e-07
6.627875164848166851e-14 2.967576051560172345e-07
6.644570064507733717e-14 2.967576051560172345e-07
6.661264964167301845e-14 2.967576051560172345e-07
6.677959863826868711e-14 2.967576051560172345e-07
6.694654763486435576e-14 2.967576051560172345e-07
6.711349663146002442e-14 2.967576051560172345e-07
6.728044562805570570e-14 2.967576051560172345e-07
6.744739462465137436e-14 2.967576051560172345e-07
6.761434362124704301e-14 2.967576051560172345e-07
6.778129261784271167e-14 2.967576051560172345e-07
6.794824161443839295e-14 2.967576051560172345e-07
6.811519061103406160e-14 2.967576051560172345e-07
6.828213960762973026e-14 2.967576051560172345e-07
6.844908860422539892e-14 2.967576051560172345e-07
6.861603760082108020e-14 2.967576051560172345e-07
6.878298659741674885e-14 2.967576051560172345e-07
6.894993559401241751e-14 2.967576051560172345e-07
6.911688459060808617e-14 2.967576051560172345e-07
6.928383358720376745e-14 2.967576051560172345e-07
6.945078258379943610e-14 2.967576051560172345e-07
6.961773158039510476e-14 2.967576051560172345e-07
6.978468057699077342e-14 2.967576051560172345e-07
6.995162957358644208e-14 2.967576051560172345e-07
7.011857857018212335e-14 2.967576051560172345e-07
7.028552756677779201e-14 2.967576051560172345e-07
7.045247656337346067e-14 2.967576051560172345e-07
7.061942555996912933e-14 2.967576051560172345e-07
7.078637455656481060e-14 2.967576051560172345e-07
7.095332355316047926e-14 2.967576051560172345e-07
7.112027254975614792e-14 2.967576051560172345e-07
7.128722154635181657e-14 2.967576051560172345e-07
7.145417054294749785e-14 2.967576051560172345e-07
7.162111953954316651e-14 2.967576051560172345e-07
7.178806853613883517e-14 2.967576051560172345e-07
7.195501753273450382e-14 2.967576051560172345e-07
7.212196652933018510e-14 2.967576051560172345e-07
7.228891552592585376e-14 2.967576051560172345e-07
7.245586452252152242e-14 2.967576051560172345e-07
7.262281351911719107e-14 2.967576051560172345e-07
7.278976251571287235e-14 2.967576051560172345e-07
7.295671151230854101e-14 2.967576051560172345e-07
7.312366050890420967e-14 2.967576051560172345e-07
7.329060950549987832e-14 2.967576051560172345e-07
7.345755850209555960e-14 2.967576051560172345e-07
7.362450749869122826e-14 2.967576051560172345e-07
7.379145649528689692e-14 2.967576051560172345e-07
7.395840549188256557e-14 2.967576051560172345e-07
7.412535448847824685e-14 2.967576051560172345e-07
7.429230348507391551e-14 2.967576051560172345e-07
7.445925248166958417e-14 2.967576051560172345e-07
7.462620147826525282e-14 2.967576051560172345e-07
7.479315047486092148e-14 2.967576051560172345e-07
7.496009947145660276e-14 2.967576051560172345e-07
7.512704846805227142e-14 2.967576051560172345e-07
7.529399746464794007e-14 2.967576051560172345e-07
7.546094646124360873e-14 2.967576051560172345e-07
7.562789545783929001e-14 2.967576051560172345e-07
7.579484445443495867e-14 2.967576051560172345e-07
7.596179345103062732e-14 2.967576051560172345e-07
7.612874244762629598e-14 2.967576051560172345e-07
7.629569144422197726e-14 2.967576051560172345e-07
7.646264044081764592e-14 2.967576051560172345e-07
7.662958943741331457e-14 2.967576051560172345e-07
7.679653843400898323e-14 2.967576051560172345e-07
7.696348743060466451e-14 2.967576051560172345e-07
7.713043642720033317e-14 2.967576051560172345e-07
7.729738542379600182e-14 2.967576051560172345e-07
7.746433442039167048e-14 2.967576051560172345e-07
7.763128341698735176e-14 2.967576051560172345e-07
7.779823241358302041e-14 2.967576051560172345e-07
7.796518141017868907e-14 2.967576051560172345e-07
7.813213040677435773e-14 2.967576051560172345e-07
7.829907940337003901e-14 2.967576051560172345e-07
7.846602839996570766e-14 2.967576051560172345e-07
7.863297739656137632e-14 2.967576051560172345e-07
7.879992639315704498e-14 2.967576051560172345e-07
7.896687538975272626e-14 2.967576051560172345e-07
7.913382438634839491e-14 2.967576051560172345e-07
7.930077338294406357e-14 2.967576051560172345e-07
7.946772237953973223e-14 2.967576051560172345e-07
7.963467137613541351e-14 2.967576051560172345e-07
7.980162037273108216e-14 2.967576051560172345e-07
7.996856936932675082e-14 2.967576051560172345e-07
8.013551836592241948e-14 2.967576051560172345e-07
8.030246736251808813e-14 2.967576051560172345e-07
8.046941635911376941e-14 2.967576051560172345e-07
8.063636535570943807e-14 2.967576051560172345e-07
8.080331435230510673e-14 2.967576051560172345e-07
8.097026334890077538e-14 2.967576051560172345e-07
8.113721234549645666e-14 2.967576051560172345e-07
8.130416134209212532e-14 2.967576051560172345e-07
8.147111033868779398e-14 2.967576051560172345e-07
8.163805933528346263e-14 2.967576051560172345e-07
8.180500833187914391e-14 2.967576051560172345e-07
8.197195732847481257e-14 2.967576051560172345e-07
8.213890632507048123e-14 2.967576051560172345e-07
8.230585532166614988e-14 2.967576051560172345e-07
8.247280431826183116e-14 2.967576051560172345e-07
8.263975331485749982e-14 2.967576051560172345e-07
8.280670231145316848e-14 2.967576051560172345e-07
8.297365130804883713e-14 2.967576051560172345e-07
8.314060030464451841e-14 2.967576051560172345e-07
8.330754930124018707e-14 2.967576051560172345e-07
8.347449829783585573e-14 2.967576051560172345e-07
8.364144729443152438e-14 2.967576051560172345e-07
8.380839629102720566e-14 2.967576051560172345e-07
8.397534528762287432e-14 2.967576051560172345e-07
8.414229428421854298e-14 2.967576051560172345e-07
8.430924328081421163e-14 2.967576051560172345e-07
8.447619227740989291e-14 2.967576051560172345e-07
8.464314127400556157e-14 2.967576051560172345e-07
8.481009027060123023e-14 2.967576051560172345e-07
8.497703926719689888e-14 2.967576051560172345e-07
8.514398826379258016e-14 2.967576051560172345e-07
8.531093726038824882e-14 2.967576051560172345e-07
8.547788625698391748e-14 2.967576051560172345e-07
8.564483525357958613e-14 2.967576051560172345e-07
8.581178425017525479e-14 2.967576051560172345e-07
8.597873324677093607e-14 2.967576051560172345e-07
8.614568224336660473e-14 2.967576051560172345e-07
8.631263123996227338e-14 2.967576051560172345e-07
8.647958023655794204e-14 2.967576051560172345e-07
8.664652923315362332e-14 2.967576051560172345e-07
8.681347822974929198e-14 2.967576051560172345e-07
8.698042722634496063e-14 2.967576051560172345e-07
8.714737622294062929e-14 2.967576051560172345e-07
8.731432521953631057e-14 2.967576051560172345e-07
8.748127421613197922e-14 2.967576051560172345e-07
8.764822321272764788e-14 2.967576051560172345e-07
8.781517220932331654e-14 2.967576051560172345e-07
8.798212120591899782e-14 2.967576051560172345e-07
8.814907020251466647e-14 2.967576051560172345e-07
8.831601919911033513e-14 2.967576051560172345e-07
8.848296819570600379e-14 2.967576051560172345e-07
8.864991719230168507e-14 2.967576051560172345e-07
8.881686618889735372e-14 2.967576051560172345e-07
8.898381518549302238e-14 2.967576051560172345e-07
8.915076418208869104e-14 2.967576051560172345e-07
8.931771317868437232e-14 2.967576051560172345e-07
8.948466217528004097e-14 2.967576051560172345e-07
8.965161117187570963e-14 2.967576051560172345e-07
8.981856016847137829e-14 2.967576051560172345e-07
8.998550916506705957e-14 2.967576051560172345e-07
9.015245816166272822e-14 2.967576051560172345e-07
9.031940715825839688e-14 2.967576051560172345e-07
9.048635615485406554e-14 2.967576051560172345e-07
9.065330515144974682e-14 2.967576051560172345e-07
9.082025414804541547e-14 2.967576051560172345e-07
9.098720314464108413e-14 2.967576051560172345e-07
9.115415214123675279e-14 2.967576051560172345e-07
9.132110113783242144e-14 2.967576051560172345e-07
9.148805013442810272e-14 2.967576051560172345e-07
9.165499913102377138e-14 2.967576051560172345e-07
9.182194812761944004e-14 2.967576051560172345e-07
9.198889712421510869e-14 2.967576051560172345e-07
9.215584612081078997e-14 2.967576051560172345e-07
9.232279511740645863e-14 2.967576051560172345e-07
9.248974411400212729e-14 2.967576051560172345e-07
9.265669311059779594e-14 2.967576051560172345e-07
9.282364210719347722e-14 2.967576051560172345e-07
9.299059110378914588e-14 2.967576051560172345e-07
9.315754010038481454e-14 2.967576051560172345e-07
9.332448909698048319e-14 2.967576051560172345e-07
9.349143809357616447e-14 2.967576051560172345e-07
9.365838709017183313e-14 2.967576051560172345e-07
9.382533608676750179e-14 2.967576051560172345e-07
9.399228508336317044e-14 2.967576051560172345e-07
9.415923407995885172e-14 2.967576051560172345e-07
9.432618307655452038e-14 2.967576051560172345e-07
9.449313207315018904e-14 2.967576051560172345e-07
9.466008106974585769e-14 2.967576051560172345e-07
9.482703006634153897e-14 2.967576051560172345e-07
9.499397906293720763e-14 2.967576051560172345e-07
9.516092805953287629e-14 2.967576051560172345e-07
9.532787705612854494e-14 2.967576051560172345e-07
9.549482605272422622e-14 2.967576051560172345e-07
9.566177504931989488e-14 2.967576051560172345e-07
9.582872404591556354e-14 2.967576051560172345e-07
9.599567304251123219e-14 2.967576051560172345e-07
9.616262203910691347e-14 2.967576051560172345e-07
9.632957103570258213e-14 2.967576051560172345e-07
9.649652003229825078e-14 2.967576051560172345e-07
9.666346902889391944e-14 2.967576051560172345e-07
9.683041802548958810e-14 2.967576051560172345e-07
9.699736702208526938e-14 2.967576051560172345e-07
9.716431601868093803e-14 2.967576051560172345e-07
9.733126501527660669e-14 2.967576051560172345e-07
9.749821401187227535e-14 2.967576051560172345e-07
9.766516300846795663e-14 2.967576051560172345e-07
9.783211200506362528e-14 2.967576051560172345e-07
9.799906100165929394e-14 2.967576051560172345e-07
9.816600999825496260e-14 2.967576051560172345e-07
9.833295899485064388e-14 2.967576051560172345e-07
9.849990799144631253e-14 2.967576051560172345e-07
9.866685698804198119e-14 2.967576051560172345e-07
9.883380598463764985e-14 2.967576051560172345e-07
9.900075498123333113e-14 2.967576051560172345e-07
9.916770397782899978e-14 2.967576051560172345e-07
9.933465297442466844e-14 2.967576051560172345e-07
9.950160197102033710e-14 2.967576051560172345e-07
9.966855096761601838e-14 2.967576051560172345e-07
9.983549996421168703e-14 2.967576051560172345e-07
1.000024489608073557e-13 2.967576051560172345e-07
1.001693979574030243e-13 2.967576051560172345e-07
1.003363469539987056e-13 2.967576051560172345e-07
1.005032959505943743e-13 2.967576051560172345e-07
1.006702449471900429e-13 2.967576051560172345e-07
1.008371939437857116e-13 2.967576051560172345e-07
1.010041429403813929e-13 2.967576051560172345e-07
1.011710919369770615e-13 2.967576051560172345e-07
1.013380409335727302e-13 2.967576051560172345e-07
1.015049899301683988e-13 2.967576051560172345e-07
1.016719389267640675e-13 2.967576051560172345e-07
1.018388879233597488e-13 2.967576051560172345e-07
1.020058369199554174e-13 2.967576051560172345e-07
1.021727859165510861e-13 2.967576051560172345e-07
1.023397349131467548e-13 2.967576051560172345e-07
1.025066839097424360e-13 2.967576051560172345e-07
1.026736329063381047e-13 2.967576051560172345e-07
1.028405819029337733e-13 2.967576051560172345e-07
1.030075308995294420e-13 2.967576051560172345e-07
1.031744798961251233e-13 2.967576051560172345e-07
1.033414288927207919e-13 2.967576051560172345e-07
1.035083778893164606e-13 2.967576051560172345e-07
1.036753268859121293e-13 2.967576051560172345e-07
1.038422758825078105e-13 2.967576051560172345e-07
1.040092248791034792e-13 2.967576051560172345e-07
1.041761738756991478e-13 2.967576051560172345e-07
1.043431228722948165e-13 2.967576051560172345e-07
1.045100718688904978e-13 2.967576051560172345e-07
1.046770208654861664e-13 2.967576051560172345e-07
1.048439698620818351e-13 2.967576051560172345e-07
1.050109188586775038e-13 2.967576051560172345e-07
1.051778678552731850e-13 2.967576051560172345e-07
1.053448168518688537e-13 2.967576051560172345e-07
1.055117658484645223e-13 2.967576051560172345e-07
1.056787148450601910e-13 2.967576051560172345e-07
1.058456638416558723e-13 2.967576051560172345e-07
1.060126128382515409e-13 2.967576051560172345e-07
1.061795618348472096e-13 2.967576051560172345e-07
1.063465108314428783e-13 2.967576051560172345e-07
1.065134598280385595e-13 2.967576051560172345e-07
1.066804088246342282e-13 2.967576051560172345e-07
1.068473578212298968e-13 2.967576051560172345e-07
1.070143068178255655e-13 2.967576051560172345e-07
1.071812558144212342e-13 2.967576051560172345e-07
1.073482048110169154e-13 2.967576051560172345e-07
1.075151538076125841e-13 2.967576051560172345e-07
1.076821028042082528e-13 2.967576051560172345e-07
1.078490518008039214e-13 2.967576051560172345e-07
1.080160007973996027e-13 2.967576051560172345e-07
1.081829497939952713e-13 2.967576051560172345e-07
1.083498987905909400e-13 2.967576051560172345e-07
1.085168477871866087e-13 2.967576051560172345e-07
1.086837967837822899e-13 2.967576051560172345e-07
1.088507457803779586e-13 2.967576051560172345e-07
1.090176947769736273e-13 2.967576051560172345e-07
1.091846437735692959e-13 2.967576051560172345e-07
1.093515927701649772e-13 2.967576051560172345e-07
1.095185417667606458e-13 2.967576051560172345e-07
1.096854907633563145e-13 2.967576051560172345e-07
1.098524397599519832e-13 2.967576051560172345e-07
1.100193887565476644e-13 2.967576051560172345e-07
1.101863377531433331e-13 2.967576051560172345e-07
1.103532867497390018e-13 2.967576051560172345e-07
1.105202357463346704e-13 2.967576051560172345e-07
1.106871847429303517e-13 2.967576051560172345e-07
1.108541337395260203e-13 2.967576051560172345e-07
1.110210827361216890e-13 2.967576051560172345e-07
1.111880317327173577e-13 2.967576051560172345e-07
1.113549807293130389e-13 2.967576051560172345e-07
1.115219297259087076e-13 2.967576051560172345e-07
1.116888787225043762e-13 2.967576051560172345e-07
1.118558277191000449e-13 2.967576051560172345e-07
1.120227767156957262e-13 2.967576051560172345e-07
1.121897257122913948e-13 2.967576051560172345e-07
1.123566747088870635e-13 2.967576051560172345e-07
1.125236237054827322e-13 2.967576051560172345e-07
1.126905727020784008e-13 2.967576051560172345e-07
1.128575216986740821e-13 2.967576051560172345e-07
1.130244706952697507e-13 2.967576051560172345e-07
1.131914196918654194e-13 2.967576051560172345e-07
1.133583686884610881e-13 2.967576051560172345e-07
1.135253176850567693e-13 2.967576051560172345e-07
1.136922666816524380e-13 2.967576051560172345e-07
1.138592156782481193e-13 2.967576051560172345e-07
1.140261646748437753e-13 2.967576051560172345e-07
1.141931136714394566e-13 2.967576051560172345e-07
1.143600626680351126e-13 2.967576051560172345e-07
1.145270116646307939e-13 2.967576051560172345e-07
1.146939606612264752e-13 2.967576051560172345e-07
1.148609096578221312e-13 2.967576051560172345e-07
1.150278586544178125e-13 2.967576051560172345e-07
1.151948076510134938e-13 2.967576051560172345e-07
1.153617566476091498e-13 2.967576051560172345e-07
1.155287056442048311e-13 2.967576051560172345e-07
1.156956546408004871e-13 2.967576051560172345e-07
1.158626036373961684e-13 2.967576051560172345e-07
1.160295526339918497e-13 2.967576051560172345e-07
1.161965016305875057e-13 2.967576051560172345e-07
1.163634506271831870e-13 2.967576051560172345e-07
1.165303996237788683e-13 2.967576051560172345e-07
1.166973486203745243e-13 2.967576051560172345e-07
1.168642976169702056e-13 2.967576051560172345e-07
1.170312466135658616e-13 2.967576051560172345e-07
1.171981956101615429e-13 2.967576051560172345e-07
1.173651446067572242e-13 2.967576051560172345e-07
1.175320936033528802e-13 2.967576051560172345e-07
1.176990425999485615e-13 2.967576051560172345e-07
1.178659915965442175e-13 2.967576051560172345e-07
1.180329405931398988e-13 2.967576051560172345e-07
1.181998895897355801e-13 2.967576051560172345e-07
1.183668385863312361e-13 2.967576051560172345e-07
1.185337875829269174e-13 2.967576051560172345e-07
1.187007365795225987e-13 2.967576051560172345e-07
1.188676855761182547e-13 2.967576051560172345e-07
1.190346345727139360e-13 2.967576051560172345e-07
1.192015835693095920e-13 2.967576051560172345e-07
1.193685325659052733e-13 2.967576051560172345e-07
1.195354815625009546e-13 2.967576051560172345e-07
1.197024305590966106e-13 2.967576051560172345e-07
1.198693795556922919e-13 2.967576051560172345e-07
1.200363285522879732e-13 2.967576051560172345e-07
1.202032775488836292e-13 2.967576051560172345e-07
1.203702265454793105e-13 2.967576051560172345e-07
1.205371755420749665e-13 2.967576051560172345e-07
1.207041245386706478e-13 2.967576051560172345e-07
1.208710735352663291e-13 2.967576051560172345e-07
1.210380225318619851e-13 2.967576051560172345e-07
1.212049715284576664e-13 2.967576051560172345e-07
1.213719205250533477e-13 2.967576051560172345e-07
1.215388695216490037e-13 2.967576051560172345e-07
1.217058185182446850e-13 2.967576051560172345e-07
1.218727675148403410e-13 2.967576051560172345e-07
1.220397165114360223e-13 2.967576051560172345e-07
1.222066655080317036e-13 2.967576051560172345e-07
1.223736145046273596e-13 2.967576051560172345e-07
1.225405635012230409e-13 2.967576051560172345e-07
1.227075124978187222e-13 2.967576051560172345e-07
1.228744614944143782e-13 2.967576051560172345e-07
1.230414104910100595e-13 2.967576051560172345e-07
1.232083594876057155e-13 2.967576051560172345e-07
1.233753084842013968e-13 2.967576051560172345e-07
1.235422574807970781e-13 2.967576051560172345e-07
1.237092064773927341e-13 2.967576051560172345e-07
1.238761554739884154e-13 2.967576051560172345e-07
1.240431044705840714e-13 2.967576051560172345e-07
1.242100534671797527e-13 2.967576051560172345e-07
1.243770024637754340e-13 2.967576051560172345e-07
1.245439514603710900e-13 2.967576051560172345e-07
1.247109004569667713e-13 2.967576051560172345e-07
1.248778494535624526e-13 2.967576051560172345e-07
1.250447984501581086e-13 2.967576051560172345e-07
1.252117474467537899e-13 2.967576051560172345e-07
1.253786964433494459e-13 2.967576051560172345e-07
1.255456454399451272e-13 2.967576051560172345e-07
1.257125944365408085e-13 2.967576051560172345e-07
1.258795434331364645e-13 2.967576051560172345e-07
1.260464924297321458e-13 2.967576051560172345e-07
1.262134414263278271e-13 2.967576051560172345e-07
1.263803904229234831e-13 2.967576051560172345e-07
1.265473394195191644e-13 2.967576051560172345e-07
1.267142884161148204e-13 2.967576051560172345e-07
1.268812374127105017e-13 2.967576051560172345e-07
1.270481864093061830e-13 2.967576051560172345e-07
1.272151354059018390e-13 2.967576051560172345e-07
1.273820844024975203e-13 2.967576051560172345e-07
1.275490333990932016e-13 2.967576051560172345e-07
1.277159823956888576e-13 2.967576051560172345e-07
1.278829313922845389e-13 2.967576051560172345e-07
1.280498803888801949e-13 2.967576051560172345e-07
1.282168293854758762e-13 2.967576051560172345e-07
1.283837783820715575e-13 2.967576051560172345e-07
1.285507273786672135e-13 2.967576051560172345e-07
1.287176763752628948e-13 2.967576051560172345e-07
1.288846253718585508e-13 2.967576051560172345e-07
1.290515743684542321e-13 2.967576051560172345e-07
1.292185233650499134e-13 2.967576051560172345e-07
1.293854723616455694e-13 2.967576051560172345e-07
1.295524213582412507e-13 2.967576051560172345e-07
1.297193703548369320e-13 2.967576051560172345e-07
1.298863193514325880e-13 2.967576051560172345e-07
1.300532683480282693e-13 2.967576051560172345e-07
1.302202173446239253e-13 2.967576051560172345e-07
1.303871663412196066e-13 2.967576051560172345e-07
1.305541153378152879e-13 2.967576051560172345e-07
1.307210643344109439e-13 2.967576051560172345e-07
1.308880133310066252e-13 2.967576051560172345e-07
1.310549623276023065e-13 2.967576051560172345e-07
1.312219113241979625e-13 2.967576051560172345e-07
1.313888603207936438e-13 2.967576051560172345e-07
1.315558093173892998e-13 2.967576051560172345e-07
1.317227583139849811e-13 2.967576051560172345e-07
1.318897073105806624e-13 2.967576051560172345e-07
1.320566563071763184e-13 2.967576051560172345e-07
1.322236053037719997e-13 2.967576051560172345e-07
1.323905543003676810e-13 2.967576051560172345e-07
1.325575032969633370e-13 2.967576051560172345e-07
1.327244522935590183e-13 2.967576051560172345e-07
1.328914012901546743e-13 2.967576051560172345e-07
1.330583502867503556e-13 2.967576051560172345e-07
1.332252992833460369e-13 2.967576051560172345e-07
1.333922482799416929e-13 2.967576051560172345e-07
1.335591972765373742e-13 2.967576051560172345e-07
1.337261462731330302e-13 2.967576051560172345e-07
1.338930952697287115e-13 2.967576051560172345e-07
1.340600442663243928e-13 2.967576051560172345e-07
1.342269932629200488e-13 2.967576051560172345e-07
1.343939422595157301e-13 2.967576051560172345e-07
1.345608912561114114e-13 2.967576051560172345e-07
1.347278402527070674e-13 2.967576051560172345e-07
1.348947892493027487e-13 2.967576051560172345e-07
1.350617382458984047e-13 2.967576051560172345e-07
1.352286872424940860e-13 2.967576051560172345e-07
1.353956362390897673e-13 2.967576051560172345e-07
1.355625852356854233e-13 2.967576051560172345e-07
1.357295342322811046e-13 2.967576051560172345e-07
1.358964832288767859e-13 2.967576051560172345e-07
1.360634322254724419e-13 2.967576051560172345e-07
1.362303812220681232e-13 2.967576051560172345e-07
1.363973302186637792e-13 2.967576051560172345e-07
1.365642792152594605e-13 2.967576051560172345e-07
1.367312282118551418e-13 2.967576051560172345e-07
1.368981772084507978e-13 2.967576051560172345e-07
1.370651262050464791e-13 2.967576051560172345e-07
1.372320752016421604e-13 2.967576051560172345e-07
1.373990241982378164e-13 2.967576051560172345e-07
1.375659731948334977e-13 2.967576051560172345e-07
1.377329221914291537e-13 2.967576051560172345e-07
1.378998711880248350e-13 2.967576051560172345e-07
1.380668201846205163e-13 2.967576051560172345e-07
1.382337691812161723e-13 2.967576051560172345e-07
1.384007181778118536e-13 2.967576051560172345e-07
1.385676671744075349e-13 2.967576051560172345e-07
1.387346161710031909e-13 2.967576051560172345e-07
1.389015651675988722e-13 2.967576051560172345e-07
1.390685141641945282e-13 2.967576051560172345e-07
1.392354631607902095e-13 2.967576051560172345e-07
1.394024121573858908e-13 2.967576051560172345e-07
1.395693611539815468e-13 2.967576051560172345e-07
1.397363101505772281e-13 2.967576051560172345e-07
1.399032591471728842e-13 2.967576051560172345e-07
1.400702081437685654e-13 2.967576051560172345e-07
1.402371571403642467e-13 2.967576051560172345e-07
1.404041061369599027e-13 2.967576051560172345e-07
1.405710551335555840e-13 2.967576051560172345e-07
1.407380041301512653e-13 2.967576051560172345e-07
1.409049531267469213e-13 2.967576051560172345e-07
1.410719021233426026e-13 2.967576051560172345e-07
1.412388511199382587e-13 2.967576051560172345e-07
1.414058001165339399e-13 2.967576051560172345e-07
1.415727491131296212e-13 2.967576051560172345e-07
1.417396981097252772e-13 2.967576051560172345e-07
1.419066471063209585e-13 2.967576051560172345e-07
1.420735961029166398e-13 2.967576051560172345e-07
1.422405450995122958e-13 2.967576051560172345e-07
1.424074940961079771e-13 2.967576051560172345e-07
1.425744430927036331e-13 2.967576051560172345e-07
1.427413920892993144e-13 2.967576051560172345e-07
1.429083410858949957e-13 2.967576051560172345e-07
1.430752900824906517e-13 2.967576051560172345e-07
1.432422390790863330e-13 2.967576051560172345e-07
1.434091880756820143e-13 2.967576051560172345e-07
1.435761370722776703e-13 2.967576051560172345e-07
1.437430860688733516e-13 2.967576051560172345e-07
1.439100350654690076e-13 2.967576051560172345e-07
1.440769840620646889e-13 2.967576051560172345e-07
1.442439330586603702e-13 2.967576051560172345e-07
1.444108820552560262e-13 2.967576051560172345e-07
1.445778310518517075e-13 2.967576051560172345e-07
1.447447800484473636e-13 2.967576051560172345e-07
1.449117290450430448e-13 2.967576051560172345e-07
1.450786780416387261e-13 2.967576051560172345e-07
1.452456270382343821e-13 2.967576051560172345e-07
1.454125760348300634e-13 2.967576051560172345e-07
1.455795250314257447e-13 2.967576051560172345e-07
1.457464740280214007e-13 2.967576051560172345e-07
1.459134230246170820e-13 2.967576051560172345e-07
1.460803720212127381e-13 2.967576051560172345e-07
1.462473210178084193e-13 2.967576051560172345e-07
1.464142700144041006e-13 2.967576051560172345e-07
1.465812190109997566e-13 2.967576051560172345e-07
1.467481680075954379e-13 2.967576051560172345e-07
1.469151170041911192e-13 2.967576051560172345e-07
1.470820660007867752e-13 2.967576051560172345e-07
1.472490149973824565e-13 2.967576051560172345e-07
1.474159639939781126e-13 2.967576051560172345e-07
1.475829129905737938e-13 2.967576051560172345e-07
1.477498619871694751e-13 2.967576051560172345e-07
1.479168109837651311e-13 2.967576051560172345e-07
1.480837599803608124e-13 2.967576051560172345e-07
1.482507089769564937e-13 2.967576051560172345e-07
1.484176579735521497e-13 2.967576051560172345e-07
1.485846069701478310e-13 2.967576051560172345e-07
1.487515559667434871e-13 2.967576051560172345e-07
1.489185049633391683e-13 2.967576051560172345e-07
1.490854539599348496e-13 2.967576051560172345e-07
1.492524029565305056e-13 2.967576051560172345e-07
1.494193519531261869e-13 2.967576051560172345e-07
1.495863009497218430e-13 2.967576051560172345e-07
1.497532499463175242e-13 2.967576051560172345e-07
1.499201989429132055e-13 2.967576051560172345e-07
1.500871479395088616e-13 2.967576051560172345e-07
1.502540969361045428e-13 2.967576051560172345e-07
1.504210459327002241e-13 2.967576051560172345e-07
1.505879949292958801e-13 2.967576051560172345e-07
1.507549439258915614e-13 2.967576051560172345e-07
1.509218929224872175e-13 2.967576051560172345e-07
1.510888419190828987e-13 2.967576051560172345e-07
1.512557909156785800e-13 2.967576051560172345e-07
1.514227399122742361e-13 2.967576051560172345e-07
1.515896889088699173e-13 2.967576051560172345e-07
1.517566379054655986e-13 2.967576051560172345e-07
1.519235869020612546e-13 2.967576051560172345e-07
1.520905358986569359e-13 2.967576051560172345e-07
1.522574848952525920e-13 2.967576051560172345e-07
1.524244338918482732e-13 2.967576051560172345e-07
1.525913828884439545e-13 2.967576051560172345e-07
1.527583318850396106e-13 2.967576051560172345e-07
1.529252808816352918e-13 2.967576051560172345e-07
1.530922298782309731e-13 2.967576051560172345e-07
1.532591788748266291e-13 2.967576051560172345e-07
1.534261278714223104e-13 2.967576051560172345e-07
1.535930768680179665e-13 2.967576051560172345e-07
1.537600258646136477e-13 2.967576051560172345e-07
1.539269748612093290e-13 2.967576051560172345e-07
1.540939238578049851e-13 2.967576051560172345e-07
1.542608728544006663e-13 2.967576051560172345e-07
1.544278218509963476e-13 2.967576051560172345e-07
1.545947708475920036e-13 2.967576051560172345e-07
1.547617198441876849e-13 2.967576051560172345e-07
1.549286688407833410e-13 2.967576051560172345e-07
1.550956178373790222e-13 2.967576051560172345e-07
1.552625668339747035e-13 2.967576051560172345e-07
1.554295158305703596e-13 2.967576051560172345e-07
1.555964648271660408e-13 2.967576051560172345e-07
1.557634138237616969e-13 2.967576051560172345e-07
1.559303628203573781e-13 2.967576051560172345e-07
1.560973118169530594e-13 2.967576051560172345e-07
1.562642608135487155e-13 2.967576051560172345e-07
1.564312098101443967e-13 2.967576051560172345e-07
1.565981588067400780e-13 2.967576051560172345e-07
1.567651078033357341e-13 2.967576051560172345e-07
1.569320567999314153e-13 2.967576051560172345e-07
1.570990057965270714e-13 2.967576051560172345e-07
1.572659547931227526e-13 2.967576051560172345e-07
1.574329037897184339e-13 2.967576051560172345e-07
1.575998527863140900e-13 2.967576051560172345e-07
1.577668017829097712e-13 2.967576051560172345e-07
1.579337507795054525e-13 2.967576051560172345e-07
1.581006997761011085e-13 2.967576051560172345e-07
1.582676487726967898e-13 2.967576051560172345e-07
1.584345977692924459e-13 2.967576051560172345e-07
1.586015467658881271e-13 2.967576051560172345e-07
1.587684957624838084e-13 2.967576051560172345e-07
1.589354447590794645e-13 2.967576051560172345e-07
1.591023937556751457e-13 2.967576051560172345e-07
1.592693427522708270e-13 2.967576051560172345e-07
1.594362917488664830e-13 2.967576051560172345e-07
1.596032407454621643e-13 2.967576051560172345e-07
1.597701897420578204e-13 2.967576051560172345e-07
1.599371387386535016e-13 2.967576051560172345e-07
1.601040877352491829e-13 2.967576051560172345e-07
1.602710367318448390e-13 2.967576051560172345e-07
1.604379857284405202e-13 2.967576051560172345e-07
1.606049347250361763e-13 2.967576051560172345e-07
1.607718837216318575e-13 2.967576051560172345e-07
1.609388327182275388e-13 2.967576051560172345e-07
1.611057817148231949e-13 2.967576051560172345e-07
1.612727307114188761e-13 2.967576051560172345e-07
1.614396797080145574e-13 2.967576051560172345e-07
1.616066287046102135e-13 2.967576051560172345e-07
1.617735777012058947e-13 2.967576051560172345e-07
1.619405266978015508e-13 2.967576051560172345e-07
1.621074756943972320e-13 2.967576051560172345e-07
1.622744246909929133e-13 2.967576051560172345e-07
1.624413736875885694e-13 2.967576051560172345e-07
1.626083226841842506e-13 2.967576051560172345e-07
1.627752716807799319e-13 2.967576051560172345e-07
1.629422206773755880e-13 2.967576051560172345e-07
1.631091696739712692e-13 2.967576051560172345e-07
1.632761186705669253e-13 2.967576051560172345e-07
1.634430676671626065e-13 2.967576051560172345e-07
1.636100166637582878e-13 2.967576051560172345e-07
1.637769656603539439e-13 2.967576051560172345e-07
1.639439146569496251e-13 2.967576051560172345e-07
1.641108636535453064e-13 2.967576051560172345e-07
1.642778126501409625e-13 2.967576051560172345e-07
1.644447616467366437e-13 2.967576051560172345e-07
1.646117106433322998e-13 2.967576051560172345e-07
1.647786596399279810e-13 2.967576051560172345e-07
1.649456086365236623e-13 2.967576051560172345e-07
1.651125576331193184e-13 2.967576051560172345e-07
1.652795066297149996e-13 2.967576051560172345e-07
1.654464556263106809e-13 2.967576051560172345e-07
1.656134046229063370e-13 2.967576051560172345e-07
1.657803536195020182e-13 2.967576051560172345e-07
1.659473026160976743e-13 2.967576051560172345e-07
1.661142516126933555e-13 2.967576051560172345e-07
1.662812006092890368e-13 2.967576051560172345e-07
1.664481496058846929e-13 2.967576051560172345e-07
1.666150986024803741e-13 2.967576051560172345e-07
1.667820475990760302e-13 2.967576051560172345e-07
