1.000000000000000000e+00 1.299541492546503786e-08 1.857684989734025664e-07 1.987639138988675993e-07 4.000000795055653826e-07 1.946477485688599119e-06 3.357249990188907987e+02
1.265306122448979664e+00 1.917847777243341350e-08 2.376607499801664252e-07 2.568392277525998553e-07 4.000001027356908712e-07 2.961862806192120137e-06 3.357249990188907987e+02
1.530612244897959329e+00 2.743500964399343568e-08 2.907094921275079962e-07 3.181445017715014154e-07 4.000001272578004787e-07 4.504522174575012548e-06 3.357249990188907987e+02
1.795918367346938771e+00 3.854212793209515175e-08 3.449495404547929013e-07 3.834916683868880332e-07 4.000001533966671778e-07 6.842789270459961956e-06 3.357249990188907987e+02
2.061224489795918657e+00 5.347530873367223794e-08 4.004168789068541055e-07 4.538921876405263567e-07 4.000001815568747734e-07 1.033036921770319220e-05 3.357249990188907987e+02
2.326530612244898322e+00 7.359802892485375914e-08 4.571487038767787268e-07 5.307467328016324727e-07 4.000002122986930496e-07 1.547390089655590863e-05 3.357249990188907987e+02
2.591836734693877542e+00 1.007158739638907137e-07 5.151834651017198765e-07 6.158993390656105770e-07 4.000002463597347082e-07 2.296472521230252215e-05 3.357249990188907987e+02
2.857142857142857206e+00 1.372235375474750336e-07 5.745609119850045033e-07 7.117844495324795633e-07 4.000002847137795831e-07 3.374438008227918838e-05 3.357249990188907987e+02
3.122448979591836871e+00 1.862478470943526035e-07 6.353221404476544058e-07 8.215699875420070357e-07 4.000003286279944164e-07 4.906750084126989506e-05 3.357249990188907987e+02
3.387755102040816535e+00 2.518144921224717714e-07 6.975096395151870554e-07 9.493241316376588268e-07 4.000003797296516840e-07 7.057524495485812234e-05 3.357249990188907987e+02
3.653061224489796199e+00 3.392399331587886948e-07 7.611673435954350742e-07 1.100407276754223769e-06 4.000004401629101013e-07 1.004757449993167704e-04 3.357249990188907987e+02
3.918367346938775864e+00 4.552034358033840354e-07 8.263406826387824977e-07 1.281544118442166533e-06 4.000005126176464588e-07 1.415699863457312458e-04 3.357249990188907987e+02
4.183673469387755084e+00 6.084652855826063515e-07 8.930766367982513936e-07 1.501541922380857745e-06 4.000006006167679813e-07 1.975863185351926365e-04 3.357249990188907987e+02
4.448979591836734748e+00 8.103500107163633286e-07 9.614237926777908213e-07 1.771773803394154150e-06 4.000007087095201219e-07 2.734007503008714863e-04 3.357249990188907987e+02
4.714285714285714413e+00 1.075405091186185306e-06 1.031432400506995372e-06 2.106837491693180889e-06 4.000008427349954416e-07 3.753396994934500661e-04 3.357249990188907987e+02
4.979591836734694077e+00 1.422259125401176172e-06 1.103154434756903102e-06 2.525413560158079274e-06 4.000010101654234628e-07 5.115764585313419335e-04 3.357249990188907987e+02
5.244897959183673741e+00 1.874693852169073240e-06 1.176643656079283826e-06 3.051337508248356854e-06 4.000012205350026989e-07 6.926280066983862404e-04 3.357249990188907987e+02
5.510204081632653406e+00 2.462979994578303302e-06 1.251955677481081769e-06 3.714935672059385071e-06 4.000014859742674822e-07 9.319758308660294407e-04 3.357249990188907987e+02
5.775510204081633070e+00 3.225537873649710193e-06 1.329148028778322118e-06 4.554685902428032523e-06 4.000018218743605296e-07 1.246839640268301505e-03 3.357249990188907987e+02
6.040816326530612734e+00 4.210996977285852808e-06 1.408280229520384106e-06 5.619277206806236703e-06 4.000022477108807456e-07 1.659139169516781701e-03 3.357249990188907987e+02
6.306122448979592399e+00 5.480744632513619612e-06 1.489413858473118471e-06 6.970158490986738083e-06 4.000027880633959531e-07 2.196686869583093244e-03 3.357249990188907987e+02
6.571428571428572063e+00 7.112073132180103349e-06 1.572612631043021399e-06 8.684685763223123900e-06 4.000034738743046359e-07 2.894663440883724504e-03 3.357249990188907987e+02
6.836734693877551727e+00 9.202057734085173133e-06 1.657942474848401074e-06 1.086000020893357442e-05 4.000043440000815965e-07 3.797439164115659974e-03 3.357249990188907987e+02
7.102040816326531392e+00 1.187232560867574124e-05 1.745471611908052664e-06 1.361779722058379370e-05 4.000054471188862566e-07 4.960817185808923113e-03 3.357249990188907987e+02
7.367346938775510168e+00 1.527490896945730959e-05 1.835270642947524561e-06 1.711017961240483457e-05 4.000068440718443085e-07 6.454790733297157551e-03 3.357249990188907987e+02
7.632653061224489832e+00 1.959941524421503345e-05 1.927412632631818436e-06 2.152682787684685273e-05 4.000086107311487618e-07 8.366925159506911902e-03 3.357249990188907987e+02
7.897959183673469497e+00 2.508179449123345219e-05 2.021973200621372419e-06 2.710376769185482334e-05 4.000108415070755062e-07 1.080649833094771313e-02 3.357249990188907987e+02
8.163265306122449161e+00 3.201504076537779243e-05 2.119030616333944911e-06 3.413407138171173480e-05 4.000136536285515548e-07 1.390955985456243139e-02 3.357249990188907987e+02
8.428571428571428825e+00 4.076223140019361686e-05 2.218665895029872403e-06 4.298089729522348672e-05 4.000171923589161124e-07 1.784510179274183261e-02 3.357249990188907987e+02
8.693877551020408490e+00 5.177238825557706691e-05 2.320962898000181030e-06 5.409335115357725006e-05 4.000216373404594539e-07 2.282257178309893275e-02 3.357249990188907987e+02
8.959183673469388154e+00 6.559974011666044262e-05 2.426008439107477422e-06 6.802574855576792173e-05 4.000272102994203302e-07 2.910100496642492596e-02 3.357249990188907987e+02
9.224489795918367818e+00 8.292707837822354915e-05 2.533892392253234828e-06 8.546097077047677974e-05 4.000341843883062137e-07 3.700010512922628780e-02 3.357249990188907987e+02
9.489795918367347483e+00 1.045940320337507149e-04 2.644707804271410741e-06 1.072387398380221231e-04 4.000428954959324905e-07 4.691366950514529871e-02 3.357249990188907987e+02
9.755102040816327147e+00 1.316312465725384294e-04 2.758551013116001808e-06 1.343897975856544265e-04 4.000537559190308551e-07 5.932582752971367335e-02 3.357249990188907987e+02
1.002040816326530681e+01 1.653016389625161389e-04 2.875521767239751525e-06 1.681771607297558794e-04 4.000672708642891839e-07 7.483065358323441607e-02 3.357249990188907987e+02
1.028571428571428648e+01 2.071501225339949614e-04 2.995723353972599097e-06 2.101458458879675690e-04 4.000840583383540570e-07 9.415581981438275738e-02 3.357249990188907987e+02
1.055102040816326614e+01 2.590634572460339194e-04 3.119262729091256094e-06 2.621827199751251640e-04 4.001048730879888140e-07 1.181910803451111519e-01 3.357249990188907987e+02
1.081632653061224580e+01 3.233421892942027714e-04 3.246250653800277769e-06 3.265884399480030475e-04 4.001306353759764823e-07 1.480225258187841397e-01 3.357249990188907987e+02
1.108163265306122547e+01 4.027870074794379584e-04 3.376801834095452240e-06 4.061638093135334199e-04 4.001624655237226942e-07 1.849737212165009081e-01 3.357249990188907987e+02
1.134693877551020513e+01 5.008022714088765544e-04 3.511035069788714707e-06 5.043133064786653030e-04 4.002017253225887467e-07 2.306550446111625408e-01 3.357249990188907987e+02
1.161224489795918480e+01 6.215199694154937985e-04 3.649073404327055102e-06 6.251690428198208947e-04 4.002500676171252086e-07 2.870227852657309953e-01 3.357249990188907987e+02
1.187755102040816446e+01 7.699479546617689005e-04 3.791044284008252133e-06 7.737389989457771691e-04 4.003094955995755907e-07 3.564498422672786049e-01 3.357249990188907987e+02
1.214285714285714413e+01 9.521470008948419023e-04 3.937079721696463088e-06 9.560840806165383501e-04 4.003824336322438947e-07 4.418101967547305997e-01 3.357249990188907987e+02
1.240816326530612379e+01 1.175442031772259586e-03 4.087316466625840497e-06 1.179529348238885335e-03 4.004718117392944230e-07 5.465797199066234624e-01 3.357249990188907987e+02
1.267346938775510345e+01 1.448673829389506007e-03 4.241896181218743304e-06 1.452915725570724749e-03 4.005811662902255679e-07 6.749563346688041143e-01 3.357249990188907987e+02
1.293877551020408312e+01 1.782498641337820289e-03 4.400965625447573916e-06 1.786899606963267837e-03 4.007147598427839631e-07 8.320030826852238270e-01 3.357249990188907987e+02
1.320408163265306278e+01 2.189744407975579513e-03 4.564676845829259939e-06 2.194309084821408767e-03 4.008777236339243008e-07 1.023818271743080821e+00 3.357249990188907987e+02
1.346938775510204245e+01 2.685833853074228762e-03 4.733187374477643570e-06 2.690567040448706496e-03 4.010762268161795176e-07 1.257737607944958702e+00 3.357249990188907987e+02
1.373469387755102034e+01 3.289286457135924373e-03 4.906660434244777498e-06 3.294193117570169260e-03 4.013176772470253406e-07 1.542574067757630063e+00 3.357249990188907987e+02
1.400000000000000000e+01 4.022313404373508219e-03 5.085265151537382841e-06 4.027398669525045390e-03 4.016109594678072894e-07 1.888902257682231411e+00 3.357249990188907987e+02
