0.000000000000000000e+00 0.000000000000000000e+00 0.000000000000000000e+00 0.000000000000000000e+00 3.999999999999120714e-19 3.999999999999942115e-07 3.999999999999121022e-07 2.950000000000000000e+02
3.967791032617647984e-01 6.695655025864504824e-08 4.714787084138034366e-08 1.141044211000253985e-07 2.469045462742703274e-17 4.000000456417655632e-07 2.469045462742703253e-05 2.972061971224176773e+02
7.935582065235295968e-01 5.620709457066692547e-07 9.434119201487247499e-08 6.564121377215416900e-07 2.118964771270978770e-16 4.000002625648522118e-07 2.118964771270978869e-04 2.994123941678649885e+02
1.190337309785294284e+00 2.714976060389128025e-06 1.415837680218985393e-07 2.856559828411026406e-06 1.046418335408098509e-15 4.000011426239284876e-07 1.046418335408098562e-03 3.016185912123530670e+02
1.587116413047059194e+00 9.767785645147610118e-06 1.888797118691619660e-07 9.956665357016772428e-06 3.810841279524584279e-15 4.000039826661399298e-07 3.810841279524584610e-03 3.038247882571305354e+02
1.983895516308824103e+00 2.887254907673895816e-05 2.362334731266137872e-07 2.910878254986557195e-05 1.134264824954010528e-14 4.000116435130170693e-07 1.134264824954010591e-02 3.060309853100116015e+02
2.380674619570588568e+00 7.389551671357124578e-05 2.836498595003230855e-07 7.417916657307157527e-05 2.915211240729610417e-14 4.000296716666263516e-07 2.915211240729610742e-02 3.082371823375231088e+02
2.777453722832353922e+00 1.691592023382795383e-04 3.311340640963498385e-07 1.694903364023758773e-04 6.691425622844522564e-14 4.000677961345580730e-07 6.691425622844522636e-02 3.104433793802243713e+02
3.174232826094118387e+00 3.540083828098796099e-04 3.786916903023379823e-07 3.543870745001819638e-04 1.402892229685361586e-13 4.001417548297971949e-07 1.402892229685361591e-01 3.126495764238462698e+02
3.571011929355883296e+00 6.879279416722469762e-04 4.263287822277618214e-07 6.883542704544747502e-04 2.729621075479053341e-13 4.002753417081789111e-07 2.729621075479053416e-01 3.148557734674579933e+02
3.967791032617648206e+00 1.255797483236381368e-03 4.740518522324966552e-07 1.256271535088613819e-03 4.987361163898030283e-13 4.005025086140325651e-07 4.987361163898030303e-01 3.170619705119271998e+02
4.364570135879413115e+00 2.172765155951404247e-03 5.218679145434391904e-07 2.173287023865947722e-03 8.634719547319003963e-13 4.008693148095434960e-07 8.634719547319004151e-01 3.192681675560842223e+02
4.761349239141177137e+00 3.588179692232970099e-03 5.697845170182429568e-07 3.588749476749988464e-03 1.426648999496738360e-12 4.014354997906971082e-07 1.426648999496738401e+00 3.214743646003440176e+02
5.158128342402941158e+00 5.688044244094360782e-03 6.178097760854270110e-07 5.688662053870446010e-03 2.262333684220349457e-12 4.022754648215452854e-07 2.262333684220349639e+00 3.236805616445564056e+02
5.554907445664707843e+00 8.695546579660450026e-03 6.659524145961614019e-07 8.696212532075045520e-03 3.459376962329428745e-12 4.034784850128271169e-07 3.459376962329428817e+00 3.258867586892211534e+02
5.951686548926471865e+00 1.286936646195577932e-02 7.142217986172604999e-07 1.287008068375439587e-02 5.120721267146451151e-12 4.051480322734988451e-07 5.120721267146451261e+00 3.280929557338083669e+02
6.348465652188236774e+00 1.849964430010657065e-02 7.626279792534344496e-07 1.850040692808582396e-02 7.361770745869428851e-12 4.074001627712314002e-07 7.361770745869428367e+00 3.302991527781758236e+02
6.745244755450001684e+00 2.590169332363547600e-02 8.111817336754481877e-07 2.590250450536915258e-02 1.030785785965044361e-11 4.103610018021447089e-07 1.030785785965044354e+01 3.325053498230437299e+02
7.142023858711766593e+00 3.540772801669883618e-02 8.598946128980732008e-07 3.540858791131173272e-02 1.409091568391423569e-11 4.141634351645217147e-07 1.409091568391423621e+01 3.347115468677557715e+02
7.538802961973531502e+00 4.735704437280616186e-02 9.087789824111994253e-07 4.735795315178857601e-02 1.884553041470860880e-11 4.189431812607124162e-07 1.884553041470860890e+01 3.369177439125023739e+02
7.935582065235296412e+00 6.208520752471787668e-02 9.578480772369765020e-07 6.208616537279511294e-02 2.470459661957147460e-11 4.248344661491149894e-07 2.470459661957147546e+01 3.391239409570459316e+02
8.332361168497060433e+00 7.991287040642104655e-02 1.007116047987230388e-06 7.991387752246903453e-02 3.179482503874724104e-11 4.319655510089845090e-07 3.179482503874724486e+01 3.413301380020739657e+02
8.729140271758826231e+00 1.011348606528400806e-01 1.056598017111745753e-06 1.011359172508571880e-01 4.023235817925874725e-11 4.404543669003397073e-07 4.023235817925874613e+01 3.435363350466972179e+02
9.125919375020590252e+00 1.260101351506568712e-01 1.106310133028963991e-06 1.260112414607899023e-01 5.011873383485198507e-11 4.504044965843127220e-07 5.011873383485198730e+01 3.457425320915463089e+02
9.522698478282354273e+00 1.547531204379906378e-01 1.156269628491847883e-06 1.547542767076191261e-01 6.153740417659634214e-11 4.619017106830443339e-07 6.153740417659633977e+01 3.479487291364160342e+02
9.919477581544120071e+00 1.875268436445592657e-01 1.206494880012537431e-06 1.875280501394392674e-01 7.455097264534853851e-11 4.750112200557722970e-07 7.455097264534853707e+01 3.501549261816041962e+02
1.031625668480588232e+01 2.244381255724339497e-01 1.257005472713308617e-06 2.244393825779066598e-01 8.919925762148544526e-11 4.897757530311591477e-07 8.919925762148544379e+01 3.523611232265375861e+02
1.071303578806764989e+01 2.655349676379331614e-01 1.307822263192300590e-06 2.655362754601963693e-01 1.054982358689622482e-10 5.062145101840749034e-07 1.054982358689622544e+02 3.545673202714194758e+02
1.110981489132941569e+01 3.108061293386377155e-01 1.358967450065478942e-06 3.108074883060877869e-01 1.234398646956482595e-10 5.243229953224313345e-07 1.234398646956482679e+02 3.567735173165210654e+02
1.150659399459117971e+01 3.601827722269926313e-01 1.410464642788061398e-06 3.601841826916354350e-01 1.429927334613404280e-10 5.440736730766502451e-07 1.429927334613404355e+02 3.589797143614414381e+02
1.190337309785294373e+01 4.135419469998599662e-01 1.462338935902250448e-06 4.135434093387958532e-01 1.641034552747267324e-10 5.654173637355142899e-07 1.641034552747267412e+02 3.611859114061333571e+02
1.230015220111470775e+01 4.707116264227007574e-01 1.514616985402547076e-06 4.707131410396861448e-01 1.866986801202854247e-10 5.882852564158702333e-07 1.866986801202854167e+02 3.633921084522899605e+02
1.269693130437647355e+01 5.314769399117466042e-01 1.567327086556903633e-06 5.314785072388331644e-01 2.106875918524247790e-10 6.125914028955288774e-07 2.106875918524247879e+02 3.655983054980282532e+02
1.309371040763823757e+01 5.955872449256131018e-01 1.620499257815923905e-06 5.955888654248708836e-01 2.359647431784949616e-10 6.382355461699437863e-07 2.359647431784949845e+02 3.678045025434516333e+02
1.349048951090000337e+01 6.627636732392226948e-01 1.674165324457367504e-06 6.627653474045471782e-01 2.624130838750033660e-10 6.651061389618140885e-07 2.624130838750033945e+02 3.700106995894920487e+02
1.388726861416176916e+01 7.327068128514445666e-01 1.728359004612933356e-06 7.327085412104491491e-01 2.899070465069912997e-10 6.930834164841746868e-07 2.899070465069913212e+02 3.722168966348922936e+02
1.428404771742353319e+01 6.988730690161146786e-01 1.783116003897721782e-06 6.988748521321185292e-01 2.758176538863318259e-10 6.795499408528425487e-07 2.758176538863318115e+02 3.744230936811485435e+02
1.468082682068529721e+01 7.591890274972422636e-01 1.838474106730973912e-06 7.591908659713489937e-01 2.993193660948833702e-10 7.036763463885345342e-07 2.993193660948833781e+02 3.766292907269025818e+02
1.507760592394706300e+01 8.871859842662697115e-01 1.894473272156674685e-06 8.871878787395418575e-01 3.498167662637852552e-10 7.548751514958112981e-07 3.498167662637852686e+02 3.788354877724607377e+02
1.547438502720882703e+01 9.979880576363310274e-01 1.951155737340389829e-06 9.979900087920683394e-01 3.933483504810313576e-10 7.991960035168216156e-07 3.933483504810313889e+02 3.810416848181745877e+02
1.587116413047059282e+01 1.229293840760689926e+00 2.008566117227986900e-06 1.229295849326807133e+00 4.849936392528512618e-10 8.917183397307163747e-07 4.849936392528512670e+02 3.832478818640052509e+02
1.626794323373236040e+01 1.390047450933123097e+00 2.066751512807033649e-06 1.390049517684635916e+00 5.483133255822885881e-10 9.560198070738475038e-07 5.483133255822885985e+02 3.854540789094510842e+02
1.666472233699412087e+01 1.465207018220877844e+00 2.125761620162289976e-06 1.465209143982497908e+00 5.772826126489536197e-10 9.860836575929921796e-07 5.772826126489536591e+02 3.876602759554399427e+02
1.706150144025588489e+01 1.299893151723797269e+00 2.185648844560458013e-06 1.299895337372641846e+00 5.099344199633628871e-10 9.199581349490501722e-07 5.099344199633629273e+02 3.898664730013297799e+02
1.745828054351765246e+01 1.501458617260402084e+00 2.246468413476141028e-06 1.501460863728815598e+00 5.892335941244178749e-10 1.000584345491519100e-06 5.892335941244178912e+02 3.920726700469802495e+02
1.785505964677941648e+01 1.602717119345895336e+00 2.308278499146922975e-06 1.602719427624394566e+00 6.282741714647097090e-10 1.041087771049750349e-06 6.282741714647097524e+02 3.942788670926630630e+02
1.825183875004118050e+01 1.696558821300063746e+00 2.371140340731401361e-06 1.696561192440404486e+00 6.642095307922549789e-10 1.078624476976154005e-06 6.642095307922550091e+02 3.964850641384622918e+02
1.864861785330294452e+01 1.812123099791336234e+00 2.435118368055406879e-06 1.812125534909704294e+00 7.086895093269059189e-10 1.124850213963873674e-06 7.086895093269059771e+02 3.986912611842024035e+02
1.904539695656470855e+01 2.052353553808849984e+00 2.500280334093250320e-06 2.052356054089183868e+00 8.028895039317211297e-10 1.220942421635664842e-06 8.028895039317211513e+02 4.008974582299437657e+02
1.944217605982647257e+01 2.148508470191964115e+00 2.566697445199038631e-06 2.148511036889409365e+00 8.392918257003148535e-10 1.259404414755754651e-06 8.392918257003149165e+02 4.031036552757409481e+02
