0.000000000000000000e+00 0.000000000000000000e+00 0.000000000000000000e+00 0.000000000000000000e+00 4.000000000000006642e-19 4.000000000000002466e-07 4.000000000000006701e-07 2.950000000000000000e+02
3.967791032617647984e-01 7.873566967933765986e-10 5.939037684122531070e-11 8.467470736346019093e-10 6.632993309019694328e-19 4.000000003386988643e-07 6.632993309019694613e-07 2.971915328532786020e+02
7.935582065235295968e-01 1.868119386117436643e-09 1.188002089704578686e-10 1.986919595087894511e-09 9.791704208100560043e-19 4.000000007947678729e-07 9.791704208100560820e-07 2.993830657065600462e+02
1.190337309785294284e+00 3.128733904620981846e-09 1.782300257832896818e-10 3.306963930404271553e-09 1.349464025848886731e-18 4.000000013227856070e-07 1.349464025848886683e-06 3.015745985598355219e+02
1.587116413047059194e+00 4.561923974589303095e-09 2.376802243264148533e-10 4.799604198915717948e-09 1.775666981624181673e-18 4.000000019198417144e-07 1.775666981624181727e-06 3.037661314131230483e+02
1.983895516308824103e+00 6.166457824828633357e-09 2.971509369487312624e-10 6.463608761777364671e-09 2.258885898821868827e-18 4.000000025854435395e-07 2.258885898821868838e-06 3.059576642777793722e+02
2.380674619570588568e+00 7.941958658026345374e-09 3.566428253947290806e-10 8.298601483421074506e-09 2.799854768106511508e-18 4.000000033194406282e-07 2.799854768106511752e-06 3.081491971167032489e+02
2.777453722832353922e+00 9.888356064568694494e-09 4.161561543622042733e-10 1.030451221893089882e-08 3.398948674120839402e-18 4.000000041218049224e-07 3.398948674120839348e-06 3.103407299610003633e+02
3.174232826094118387e+00 1.200507088567799973e-08 4.756914532467489262e-10 1.248076233892474865e-08 4.056200727729377407e-18 4.000000049923049704e-07 4.056200727729377538e-06 3.125322628026439133e+02
3.571011929355883296e+00 1.429096359734240637e-08 5.352489867461589527e-10 1.482621258408856532e-08 4.771321182744924175e-18 4.000000059304850685e-07 4.771321182744924321e-06 3.147237956455202834e+02
3.967791032617648206e+00 1.674428454713024390e-08 5.948294166049243437e-10 1.733911396373516835e-08 5.543718126543469364e-18 4.000000069356456203e-07 5.543718126543469750e-06 3.169153284865020055e+02
4.364570135879413115e+00 1.936267395419001444e-08 6.544327428230453058e-10 2.001710669701305985e-08 6.372519283819797467e-18 4.000000080068427136e-07 6.372519283819797598e-06 3.191068613285457332e+02
4.761349239141177137e+00 2.214318308507409722e-08 7.140597594939097866e-10 2.285724284456800711e-08 7.256594549550431106e-18 4.000000091428971727e-07 7.256594549550431373e-06 3.212983941707226450e+02
5.158128342402941158e+00 2.508231117908126651e-08 7.737107313153138032e-10 2.585602191039658041e-08 8.194578919705794832e-18 4.000000103424087990e-07 8.194578919705795012e-06 3.234899270144651950e+02
5.554907445664707843e+00 2.817604978513753934e-08 8.333857906361553639e-10 2.900943557577369481e-08 9.184895530806755754e-18 4.000000116037742651e-07 9.184895530806756129e-06 3.256814598568256542e+02
5.951686548926471865e+00 3.141992974565496852e-08 8.930858638987205281e-10 3.231301560955368915e-08 1.022577855693873409e-17 4.000000129252062787e-07 1.022577855693873456e-05 3.278729926974939417e+02
6.348465652188236774e+00 3.480907188615956665e-08 9.528109511030093993e-10 3.576188283726257605e-08 1.131529574706972873e-17 4.000000143047531697e-07 1.131529574706972842e-05 3.300645255304290231e+02
6.745244755450001684e+00 3.833823717552366455e-08 1.012561581644613805e-09 3.935079875716827836e-08 1.245137041715599210e-17 4.000000157403195377e-07 1.245137041715599177e-05 3.322560583711139657e+02
7.142023858711766593e+00 4.200187675384937176e-08 1.072338284919125881e-09 4.307421503876849764e-08 1.363180274077696643e-17 4.000000172296860503e-07 1.363180274077696624e-05 3.344475912115957499e+02
7.538802961973531502e+00 4.579418010746741515e-08 1.132141325624341647e-09 4.692632143309175680e-08 1.485429020908611138e-17 4.000000187705286081e-07 1.485429020908611252e-05 3.366391240522993371e+02
7.935582065235296412e+00 4.970912324393604055e-08 1.191971365504750936e-09 5.090109460944079169e-08 1.611644715564784196e-17 4.000000203604378786e-07 1.611644715564784260e-05 3.388306568929390892e+02
8.332361168497060433e+00 5.374051289657294093e-08 1.251828272211456154e-09 5.499234116878439729e-08 1.741582326439141214e-17 4.000000219969365024e-07 1.741582326439141380e-05 3.410221897335771928e+02
8.729140271758826231e+00 5.788202940549821117e-08 1.311712972186743154e-09 5.919374237768495453e-08 1.874992099942913861e-17 4.000000236774969859e-07 1.874992099942913938e-05 3.432137225741875000e+02
9.125919375020590252e+00 6.212726642230375718e-08 1.371625597779509944e-09 6.349889202008326733e-08 2.011621191395178393e-17 4.000000253995568429e-07 2.011621191395178478e-05 3.454052554148710215e+02
9.522698478282354273e+00 6.646976915888479394e-08 1.431566678385348559e-09 6.790133583727014270e-08 2.151215181189196075e-17 4.000000271605343697e-07 2.151215181189196238e-05 3.475967882556410018e+02
9.919477581544120071e+00 7.090306840110667335e-08 1.491536611050953023e-09 7.239460501215762658e-08 2.293519475062780707e-17 4.000000289578420397e-07 2.293519475062780815e-05 3.497883210962550038e+02
1.031625668480588232e+01 7.542071306663376785e-08 1.551535792823017362e-09 7.697224885945678542e-08 2.438280588577997860e-17 4.000000307888995786e-07 2.438280588577997822e-05 3.519798539370519848e+02
1.071303578806764989e+01 8.001629892464033166e-08 1.611564488399337593e-09 8.162786341303966946e-08 2.585247317024041677e-17 4.000000326511454001e-07 2.585247317024041855e-05 3.541713867768701220e+02
1.110981489132941569e+01 8.468349480089235937e-08 1.671623227175505750e-09 8.635511802806786532e-08 2.734171792907387689e-17 4.000000345420472461e-07 2.734171792907387781e-05 3.563629196150578764e+02
1.150659399459117971e+01 8.941606706229363813e-08 1.731712538547113867e-09 9.114777960084075220e-08 2.884810433996295147e-17 4.000000364591118752e-07 2.884810433996295168e-05 3.585544524557184900e+02
1.190337309785294373e+01 9.420790013096499190e-08 1.791832819560855969e-09 9.599973295052584807e-08 3.036924785554043050e-17 4.000000383998932150e-07 3.036924785554043346e-05 3.607459852989718456e+02
1.230015220111470775e+01 9.905301633657896946e-08 1.851984070216732057e-09 1.009050004067957017e-07 3.190282260939110909e-17 4.000000403620001976e-07 3.190282260939110719e-05 3.629375181396925427e+02
1.269693130437647355e+01 1.039455903423897274e-07 1.912167084608130388e-09 1.058577574269978578e-07 3.344656785180901447e-17 4.000000423431030056e-07 3.344656785180901603e-05 3.651290509773804160e+02
1.309371040763823757e+01 1.088799644977051990e-07 1.972381995083948556e-09 1.108523464927891475e-07 3.499829346467691230e-17 4.000000443409386320e-07 3.499829346467691569e-05 3.673205838179969192e+02
1.349048951090000337e+01 1.138506600875434250e-07 2.032629595737574821e-09 1.158832896832809998e-07 3.655588460721001845e-17 4.000000463533159082e-07 3.655588460721001829e-05 3.695121166618194479e+02
1.388726861416176916e+01 1.188523883175910884e-07 2.092909886569009181e-09 1.209452982041601108e-07 3.811730554586823662e-17 4.000000483781193165e-07 3.811730554586823693e-05 3.717036494992506164e+02
1.428404771742353319e+01 1.265417654565153589e-07 2.153223396973843670e-09 1.286949888534892026e-07 4.074529994752510043e-17 4.000000514779955762e-07 4.074529994752510039e-05 3.738951823398718943e+02
1.468082682068529721e+01 1.336807317189376052e-07 2.213570656347670323e-09 1.358943023752852755e-07 4.314471404194667772e-17 4.000000543577209850e-07 4.314471404194667625e-05 3.760867151807876212e+02
1.507760592394706300e+01 1.435775795535003217e-07 2.273951929388285157e-09 1.458515314828886069e-07 4.663897159546632945e-17 4.000000583406126280e-07 4.663897159546632950e-05 3.782782480294437164e+02
1.547438502720882703e+01 1.513038136105886758e-07 2.334367480793484188e-09 1.536381810913821599e-07 4.925674201645091947e-17 4.000000614552724714e-07 4.925674201645091849e-05 3.804697808698242056e+02
1.587116413047059282e+01 1.582701213387870691e-07 2.394817839958859037e-09 1.606649391787459285e-07 5.156240347557228093e-17 4.000000642659757063e-07 5.156240347557228037e-05 3.826613137103937561e+02
1.626794323373236040e+01 1.662169595683340893e-07 2.455303403931104556e-09 1.686722629722651942e-07 5.425224602696746657e-17 4.000000674689052237e-07 5.425224602696747031e-05 3.848528465547602764e+02
1.666472233699412087e+01 1.753805583766806457e-07 2.515824569756914358e-09 1.778963829464375605e-07 5.742086390564364599e-17 4.000000711585532134e-07 5.742086390564365278e-05 3.870443793914669186e+02
1.706150144025588489e+01 1.823268169673664542e-07 2.576381602134084459e-09 1.849031985695005391e-07 5.969470320570154879e-17 4.000000739612794626e-07 5.969470320570154917e-05 3.892359122360959418e+02
1.745828054351765246e+01 1.877556779723304517e-07 2.636975162807104901e-09 1.903926531351375570e-07 6.135385063599138182e-17 4.000000761570612889e-07 6.135385063599138036e-05 3.914274450566855421e+02
1.785505964677941648e+01 1.954617975115505782e-07 2.697605384124873694e-09 1.981594028956754523e-07 6.391629611468233793e-17 4.000000792637611931e-07 6.391629611468233757e-05 3.936189779021904656e+02
1.825183875004118050e+01 2.024560107401962909e-07 2.758272398436288846e-09 2.052142831386325802e-07 6.618646891233282405e-17 4.000000820857132903e-07 6.618646891233282434e-05 3.958105107374695422e+02
1.864861785330294452e+01 2.092941627805218291e-07 2.818977132183636415e-09 2.121131399127054659e-07 6.838682246996194491e-17 4.000000848452559999e-07 6.838682246996194718e-05 3.980020435830012389e+02
1.904539695656470855e+01 2.160475441605328509e-07 2.879719585366916403e-09 2.189272637458997677e-07 7.054598776766217180e-17 4.000000875709055332e-07 7.054598776766217514e-05 4.001935764178570594e+02
1.944217605982647257e+01 2.227998093099380691e-07 2.940500287381720842e-09 2.257403095973197904e-07 7.269754291606688747e-17 4.000000902961238738e-07 7.269754291606689278e-05 4.023851092581787725e+02
